#Species name here:
Model_1_goa_dr_2022.dat
#SSL Species?
0
#Constant buffer of Dorn?
0
#Number of fisheries?
1
#Number of sexes?
1
#5year_Average_F(endyr-4,endyr_as_estimated_by_ADmodel)
0.0417382
#_Author_F_as_fraction_F_40%
1
#ABC SPR
0.4
#MSY SPR
0.35
#_Spawn_month
3
#_Number_of_ages
25
#_F_ratio(must_sum_to_one_only_one_fishery)
1
#_Natural_Mortality 4 5 6 7 8 9 10 11 12 13 14 15 16 17 18 19 20 21 22 23 24 25 26 27 28
 0.07 0.07 0.07 0.07 0.07 0.07 0.07 0.07 0.07 0.07 0.07 0.07 0.07 0.07 0.07 0.07 0.07 0.07 0.07 0.07 0.07 0.07 0.07 0.07 0.07
#_Maturity_divided_by_2(projection_program_uses_to_get_female_spawning_biomass_if_divide_by_2 4 5 6 7 8 9 10 11 12 13 14 15 16 17 18 19 20 21 22 23 24 25 26 27 28
 0.0150779 0.0287548 0.0541556 0.0996914 0.176375 0.292858 0.444731 0.607681 0.749723 0.852795 0.918058 0.955884 0.976692 0.987811 0.99366 0.996712 0.998297 0.999119 0.999544 0.999764 0.999878 0.999937 0.999967 0.999983 0.999991
#_Wt_at_age_spawners 4 5 6 7 8 9 10 11 12 13 14 15 16 17 18 19 20 21 22 23 24 25 26 27 28
 204.2 343.9 499.6 660.1 817.1 965.1 1101 1223.2 1331.4 1426.1 1508.2 1578.7 1639 1690.3 1733.7 1770.3 1801.2 1827.1 1848.9 1867.1 1882.3 1895 1905.6 1914.5 1940.2
#_Wt_at_age_fishery 4 5 6 7 8 9 10 11 12 13 14 15 16 17 18 19 20 21 22 23 24 25 26 27 28
 204.2 343.9 499.6 660.1 817.1 965.1 1101 1223.2 1331.4 1426.1 1508.2 1578.7 1639 1690.3 1733.7 1770.3 1801.2 1827.1 1848.9 1867.1 1882.3 1895 1905.6 1914.5 1940.2
#_Selectivity_fishery_scaled_to_max_at_one 4 5 6 7 8 9 10 11 12 13 14 15 16 17 18 19 20 21 22 23 24 25 26 27 28
 0.000465677 0.00154967 0.00514401 0.0169337 0.0542704 0.160491 0.389078 0.679659 0.876056 0.959262 0.987413 0.996188 0.998853 0.999655 0.999897 0.999969 0.999991 0.999997 0.999999 1 1 1 1 1 1
#_Numbers_at_age_end_year 4 5 6 7 8 9 10 11 12 13 14 15 16 17 18 19 20 21 22 23 24 25 26 27 28
 2.26684 2.11001 1.70252 2.05824 1.52026 2.20517 1.6389 2.58797 1.1289 1.16052 3.67015 3.25573 2.38729 5.2572 3.69272 0.621245 4.90189 2.162 0.628923 3.00385 0.847381 1.03051 0.320908 1.05973 4.58574
#_N_recruitment_years
33
#_Recruitment_start_at_1977_yearclass=1979_for_age_2_recruits 1979 1980 1981 1982 1983 1984 1985 1986 1987 1988 1989 1990 1991 1992 1993 1994 1995 1996 1997 1998 1999 2000 2001 2002 2003 2004 2005 2006 2007 2008 2009 2010 2011
 1.98813 5.31012 5.82519 8.43706 4.11531 6.86392 3.69941 3.26425 2.24481 10.087 6.09404 19.4885 13.4475 11.6862 3.06787 8.55971 6.15352 19.1857 3.55371 10.8728 22.0399 2.49993 13.2789 16.88 6.85334 8.37113 8.45517 2.39414 2.09087 4.34 2.52006 3.13983 2.01358
#_Spawners per recruitment (starting at 1977)
 11.4451 10.881 10.4949 10.1366 9.70157 9.29376 9.01905 8.89099 9.16849 9.98472 11.1308 12.5223 13.6397 14.6115 15.597 16.4783 16.5917 17.1732 18.3386 20.0655 22.3215 24.5023 26.1686 26.8655 27.842 29.2276 30.6247 32.2738 34.1809 36.2914 38.1906 39.4513 40.2463 40.8143 40.7707
