# Number of parameters = 127 Objective function value = 412.158083409004  Maximum gradient component = 2.74922966860024e-05
# steepness:
0.599550000000
# log_Rzero:
3.00000000000
# log_mean_rec:
0.957635924945
# sigr:
1.00245928244
# log_fish_sel_coffs:
 0.00000000000 0.00000000000 0.00000000000 0.00000000000 0.00000000000 0.00000000000 0.00000000000 0.00000000000
# a50:
10.2472753247
# delta:
2.49943550272
# a50_mat:
10.3365635698
# delta_mat:
0.659558337321
# log_srv1_sel_coffs:
 0.00000000000 0.00000000000 0.00000000000 0.00000000000 0.00000000000 0.00000000000 0.00000000000
# a50_srv1:
9.28495876479
# delta_srv1:
4.79491374935
# log_srv2_sel_coffs:
 0.00000000000 0.00000000000 0.00000000000 0.00000000000 0.00000000000 0.00000000000 0.00000000000
# a50_srv2:
7.30000000000
# delta_srv2:
3.80000000000
# log_avg_F:
-3.16862532690
# log_F_devs:
 -0.364101856168 -0.821779995863 -0.631838921548 -0.0694944296670 0.162849277978 0.202362595319 0.341789932391 -0.0483283329180 -1.51044369907 -1.90505566621 -1.90883509003 0.0626070773200 0.256646747821 -0.00839380891130 0.0865586525783 1.01128913483 0.942407803950 0.871921666774 0.774057251281 0.443252573816 0.371529238971 0.488381923677 0.835365953276 0.609375638237 0.366827482876 0.420656889509 0.292532630765 0.119939432380 -0.115229633687 -0.0884638617004 0.180387655611 0.216440952483 0.0114463396157 0.00585902439130 -0.221048451442 0.216387384219 0.0107812479287 -0.00338726337533 -0.0835693585564 0.0836802100484 -0.166046514262 -0.103401194402 -0.290154410961 -0.453647053801 -0.204847330378 -0.387269111508
# log_rec_dev:
 -0.643318004727 -0.670290379310 -0.697817843212 -0.726061200966 -0.754865076610 -0.784114773868 -0.813786517477 -0.843633368848 -0.873061025179 -0.902261888251 -0.931216536786 -0.960320788901 -0.988878243612 -1.01399398499 -1.03773372289 -1.05637257110 -1.06853201153 -1.05759566966 -0.969348694261 -0.818960915945 -0.825081679605 -0.793423068596 -0.648337132619 -0.624141792837 -0.569122452411 -0.303349751075 0.563068525529 0.699212429377 0.978297711340 0.414325143297 0.802872940039 0.302282955879 0.188763865489 -0.135462767608 1.31114018187 0.825111372246 1.97341880211 1.60225628276 1.45409731407 0.156532079816 1.13003171609 0.815527933958 1.92503309138 0.232542347846 1.34253026219 2.04950183406 -0.00515234233568 1.57407838685 1.79243556926 0.974649647487 1.38295958846 1.33047197160 0.520938413786 0.704863251017 0.828380118503 1.02214697146 1.27711496580 1.67548935797 1.50758235441 1.29519214805 2.13451494122 0.0390957404845 0.983843756283 0.0790296323889 0.848523136647 -0.124711268268 -0.0635448709753 -0.133825845999 -5.97047678497e-06
# log_q_srv1:
-0.401720924985
# log_q_srv2:
0.00000000000
# cv_cpue:
0.00000000000
# logm:
-2.65926003693
# mF50:
0.0618981406750
# mF40:
0.0916791118621
# mF35:
0.112733927715
