#Species name here:
Model_1_goa_dr_2022.dat
#SSL Species?
0
#Constant buffer of Dorn?
0
#Number of fisheries?
1
#Number of sexes?
1
#5year_Average_F(endyr-4,endyr_as_estimated_by_ADmodel)
0.0317892
#_Author_F_as_fraction_F_40%
1
#ABC SPR
0.4
#MSY SPR
0.35
#_Spawn_month
3
#_Number_of_ages
25
#_F_ratio(must_sum_to_one_only_one_fishery)
1
#_Natural_Mortality 4 5 6 7 8 9 10 11 12 13 14 15 16 17 18 19 20 21 22 23 24 25 26 27 28
 0.07 0.07 0.07 0.07 0.07 0.07 0.07 0.07 0.07 0.07 0.07 0.07 0.07 0.07 0.07 0.07 0.07 0.07 0.07 0.07 0.07 0.07 0.07 0.07 0.07
#_Maturity_divided_by_2(projection_program_uses_to_get_female_spawning_biomass_if_divide_by_2 4 5 6 7 8 9 10 11 12 13 14 15 16 17 18 19 20 21 22 23 24 25 26 27 28
 0.0150779 0.0287548 0.0541556 0.0996914 0.176375 0.292858 0.444731 0.607681 0.749723 0.852795 0.918058 0.955884 0.976692 0.987811 0.99366 0.996712 0.998297 0.999119 0.999544 0.999764 0.999878 0.999937 0.999967 0.999983 0.999991
#_Wt_at_age_spawners 4 5 6 7 8 9 10 11 12 13 14 15 16 17 18 19 20 21 22 23 24 25 26 27 28
 204.2 343.9 499.6 660.1 817.1 965.1 1101 1223.2 1331.4 1426.1 1508.2 1578.7 1639 1690.3 1733.7 1770.3 1801.2 1827.1 1848.9 1867.1 1882.3 1895 1905.6 1914.5 1940.2
#_Wt_at_age_fishery 4 5 6 7 8 9 10 11 12 13 14 15 16 17 18 19 20 21 22 23 24 25 26 27 28
 204.2 343.9 499.6 660.1 817.1 965.1 1101 1223.2 1331.4 1426.1 1508.2 1578.7 1639 1690.3 1733.7 1770.3 1801.2 1827.1 1848.9 1867.1 1882.3 1895 1905.6 1914.5 1940.2
#_Selectivity_fishery_scaled_to_max_at_one 4 5 6 7 8 9 10 11 12 13 14 15 16 17 18 19 20 21 22 23 24 25 26 27 28
 0.00063608 0.00206304 0.00666984 0.0213437 0.0661504 0.187043 0.427685 0.708217 0.887433 0.962414 0.988119 0.996312 0.998862 0.999649 0.999892 0.999967 0.99999 0.999997 0.999999 1 1 1 1 1 1
#_Numbers_at_age_end_year 4 5 6 7 8 9 10 11 12 13 14 15 16 17 18 19 20 21 22 23 24 25 26 27 28
 2.60551 2.12504 2.12549 1.86381 4.59588 1.98083 4.53704 1.62227 12.0238 4.70786 5.25457 5.59067 3.36728 2.33654 1.72203 1.36009 1.01024 2.02707 1.90953 1.1337 2.28899 1.63773 0.300796 2.09454 5.83683
#_N_recruitment_years
40
#_Recruitment_start_at_1977_yearclass=1979_for_age_2_recruits 1979 1980 1981 1982 1983 1984 1985 1986 1987 1988 1989 1990 1991 1992 1993 1994 1995 1996 1997 1998 1999 2000 2001 2002 2003 2004 2005 2006 2007 2008 2009 2010 2011 2012 2013 2014 2015 2016 2017 2018
 1.92377 4.57545 5.24276 6.93051 3.94308 5.8154 3.52514 3.14684 2.27544 9.66756 5.94617 18.7474 12.9344 11.1533 3.04703 8.06608 5.88946 17.8619 3.28767 9.97584 20.2294 2.59214 12.575 15.6438 6.90527 10.3874 9.85627 4.38669 5.27247 5.96564 7.24117 9.34415 13.9172 11.7661 9.51461 22.0244 2.70941 6.96906 2.8198 6.08702
#_Spawners per recruitment (starting at 1977)
 12.4919 11.8386 11.3748 10.9379 10.4133 9.90626 9.52638 9.27175 9.4094 10.0575 10.9915 12.1376 12.9909 13.7189 14.5316 15.293 15.3109 15.8225 16.918 18.5593 20.7103 22.7768 24.3272 24.913 25.7601 26.9943 28.2144 29.6672 31.3755 33.3121 35.1002 36.3523 37.2845 38.1822 38.6947 39.1268 38.6094 38.3787 38.292 38.6256 39.0845 40.1949
