# Number of parameters = 130 Objective function value = 493.432106035320  Maximum gradient component = 7.34756034309628e-05
# steepness:
0.599550000000
# log_Rzero:
3.00000000000
# log_mean_rec:
0.861906234900
# sigr:
1.04771273430
# log_fish_sel_coffs:
 0.00000000000 0.00000000000 0.00000000000 0.00000000000 0.00000000000 0.00000000000 0.00000000000 0.00000000000
# a50:
10.2531214985
# delta:
2.44449634372
# a50_mat:
10.3365635984
# delta_mat:
0.659558343104
# log_srv1_sel_coffs:
 0.00000000000 0.00000000000 0.00000000000 0.00000000000 0.00000000000 0.00000000000 0.00000000000
# a50_srv1:
8.75978734316
# delta_srv1:
4.21699548964
# log_srv2_sel_coffs:
 0.00000000000 0.00000000000 0.00000000000 0.00000000000 0.00000000000 0.00000000000 0.00000000000
# a50_srv2:
7.30000000000
# delta_srv2:
3.80000000000
# log_avg_F:
-3.10092224484
# log_F_devs:
 -0.258836371723 -0.731392734294 -0.548909632680 0.0111730887412 0.235620007666 0.259701068777 0.381368085975 0.0304015977421 -1.50552736603 -1.92579242583 -1.93941566016 0.138477753005 0.385580151111 -0.144911583473 -0.0690390790079 0.944230174435 0.889977652487 0.818044074264 0.714207957833 0.384330698487 0.305707062701 0.418356588017 0.756748426374 0.533161232420 0.298401875537 0.352317094239 0.230615746382 0.0599383973669 -0.171500132864 -0.141638133522 0.137744712113 0.177957385455 -0.0249832423059 -0.0243312590663 -0.247648051002 0.200009022277 0.00777450657551 0.00330000571817 -0.0682348479672 0.107429039951 -0.150856046738 -0.0924922402424 -0.282217524396 -0.454846827231
# log_rec_dev:
 -0.580505190679 -0.606371264977 -0.632916503279 -0.660180442156 -0.688116660013 -0.716689249754 -0.745885333039 -0.776042193083 -0.806378664041 -0.837270691365 -0.868782080127 -0.900086189785 -0.929833156354 -0.955999841350 -0.983346940508 -1.01549618775 -1.04814997876 -1.08492221042 -1.11540061053 -1.13758837674 -1.15899350218 -1.12261314575 -0.985545240296 -0.826766444369 -0.669756818137 -0.496007485140 -0.506342737388 -0.539176298338 -0.174159517271 -0.250930817195 -0.165417240911 -0.0189927069257 1.10675560868 0.834933553874 0.545605115020 -0.273353197142 1.29161682698 -0.267211517709 0.352248470887 -0.102228177476 1.44338188968 0.965709448055 2.08712635635 1.70960001501 1.55807015800 0.210551964876 1.22507196948 0.924662461322 2.01667731924 0.305392106982 1.42396481630 2.11740201179 0.0328625852513 1.64388297144 1.85682529752 1.02679798798 1.32137826860 1.32428396806 0.470450332761 0.503530423537 0.875554968285 0.991753678975 1.18271942377 1.75519910191 1.67346394386 1.31558495175 2.31184174725 0.168393906579 0.144482801238 0.172534278733 0.129744447454 -0.0622536090976 -6.41948720670e-06
# log_q_srv1:
-0.397765333396
# log_q_srv2:
0.00000000000
# cv_cpue:
0.00000000000
# logm:
-2.65926003693
# mF50:
0.0609143776599
# mF40:
0.0899676807634
# mF35:
0.110412215683
