#Species name here:
Model_1_goa_dr_2020.dat
#SSL Species?
0
#Constant buffer of Dorn?
0
#Number of fisheries?
1
#Number of sexes?
1
#5year_Average_F(endyr-4,endyr_as_estimated_by_ADmodel)
0.0384698
#_Author_F_as_fraction_F_40%
1
#ABC SPR
0.4
#MSY SPR
0.35
#_Spawn_month
5
#_Number_of_ages
31
#_F_ratio(must_sum_to_one_only_one_fishery)
1
#_Natural_Mortality 4 5 6 7 8 9 10 11 12 13 14 15 16 17 18 19 20 21 22 23 24 25 26 27 28 29 30 31 32 33 34
 0.07 0.07 0.07 0.07 0.07 0.07 0.07 0.07 0.07 0.07 0.07 0.07 0.07 0.07 0.07 0.07 0.07 0.07 0.07 0.07 0.07 0.07 0.07 0.07 0.07 0.07 0.07 0.07 0.07 0.07 0.07
#_Maturity_divided_by_2(projection_program_uses_to_get_female_spawning_biomass_if_divide_by_2 4 5 6 7 8 9 10 11 12 13 14 15 16 17 18 19 20 21 22 23 24 25 26 27 28 29 30 31 32 33 34
 0.0150779 0.0287548 0.0541556 0.0996914 0.176375 0.292858 0.444731 0.607681 0.749723 0.852795 0.918058 0.955884 0.976692 0.987811 0.99366 0.996712 0.998297 0.999119 0.999544 0.999764 0.999878 0.999937 0.999967 0.999983 0.999991 0.999995 0.999998 0.999999 0.999999 1 1
#_Wt_at_age_spawners 4 5 6 7 8 9 10 11 12 13 14 15 16 17 18 19 20 21 22 23 24 25 26 27 28 29 30 31 32 33 34
 204 344.8 501.5 662.9 820.5 968.7 1104.4 1226.1 1333.7 1427.6 1508.7 1578.3 1637.6 1687.9 1730.5 1766.3 1796.4 1821.6 1842.7 1860.3 1875 1887.3 1897.5 1906 1913.1 1919 1923.9 1927.9 1931.3 1934.1 1942.1
#_Wt_at_age_fishery 4 5 6 7 8 9 10 11 12 13 14 15 16 17 18 19 20 21 22 23 24 25 26 27 28 29 30 31 32 33 34
 204 344.8 501.5 662.9 820.5 968.7 1104.4 1226.1 1333.7 1427.6 1508.7 1578.3 1637.6 1687.9 1730.5 1766.3 1796.4 1821.6 1842.7 1860.3 1875 1887.3 1897.5 1906 1913.1 1919 1923.9 1927.9 1931.3 1934.1 1942.1
#_Selectivity_fishery_scaled_to_max_at_one 4 5 6 7 8 9 10 11 12 13 14 15 16 17 18 19 20 21 22 23 24 25 26 27 28 29 30 31 32 33 34
 0.000535382 0.00178335 0.00592307 0.0194848 0.0621567 0.181027 0.424363 0.710873 0.891305 0.964725 0.989155 0.996724 0.999015 0.999705 0.999911 0.999973 0.999992 0.999998 0.999999 1 1 1 1 1 1 1 1 1 1 1 1
#_Numbers_at_age_end_year 4 5 6 7 8 9 10 11 12 13 14 15 16 17 18 19 20 21 22 23 24 25 26 27 28 29 30 31 32 33 34
 2.36765 2.07432 2.34332 2.27993 2.06553 1.96806 15.5476 5.26944 6.83811 6.67461 3.36968 2.48474 1.97252 1.21144 1.04345 2.1835 1.94254 1.29022 2.63324 1.89169 0.336221 2.41082 1.0732 0.310775 1.51541 0.445266 0.523291 0.164117 0.545436 0.549929 1.76412
#_N_recruitment_years
38
#_Recruitment_start_at_1977_yearclass=1979_for_age_2_recruits 1979 1980 1981 1982 1983 1984 1985 1986 1987 1988 1989 1990 1991 1992 1993 1994 1995 1996 1997 1998 1999 2000 2001 2002 2003 2004 2005 2006 2007 2008 2009 2010 2011 2012 2013 2014 2015 2016
 2.32313 7.16109 5.45668 4.08577 1.80138 8.61516 1.81248 3.36745 2.13759 10.0271 6.21904 19.0875 13.0855 11.2456 2.92255 8.06052 5.96894 17.7891 3.2133 9.83425 19.6742 2.44677 12.2532 15.1611 6.6108 8.87541 8.90124 3.78996 3.91743 5.6829 6.38314 7.72627 13.696 12.6211 8.82414 23.8969 2.80191 2.7357
#_Spawners per recruitment (starting at 1977)
 9.94182 9.50426 9.26814 9.07989 8.82516 8.60015 8.51075 8.5546 8.95341 9.83974 10.928 12.1084 12.8165 13.317 14.0953 14.8769 14.9307 15.4946 16.6709 18.4057 20.6346 22.7628 24.3531 24.9726 25.8291 27.0454 28.2289 29.6128 31.2285 33.047 34.691 35.7521 36.4545 37.0882 37.3026 37.4267 36.602 36.0786 35.7425 35.8776
