# Number of parameters = 137 Objective function value = 429.819802223147  Maximum gradient component = 3.80429863675716e-05
# steepness:
0.599550000000
# log_Rzero:
3.00000000000
# log_mean_rec:
1.03826148130
# sigr:
0.955713955669
# log_fish_sel_coffs:
 0.00000000000 0.00000000000 0.00000000000 0.00000000000 0.00000000000 0.00000000000 0.00000000000 0.00000000000
# a50:
10.0425282706
# delta:
2.44600373815
# a50_mat:
10.3365637239
# delta_mat:
0.659558283939
# log_srv1_sel_coffs:
 0.00000000000 0.00000000000 0.00000000000 0.00000000000 0.00000000000 0.00000000000 0.00000000000
# a50_srv1:
9.23108539930
# delta_srv1:
4.67062106155
# log_srv2_sel_coffs:
 0.00000000000 0.00000000000 0.00000000000 0.00000000000 0.00000000000 0.00000000000 0.00000000000
# a50_srv2:
7.30000000000
# delta_srv2:
3.80000000000
# log_avg_F:
-3.22235837324
# log_F_devs:
 -0.325922802280 -0.792960359812 -0.609289732379 -0.0515589209836 0.172788547306 0.202269697033 0.332278527066 -0.0682672847015 -1.53784223392 -1.93804926982 -1.94314681921 0.0365220642509 0.240505095453 -0.0183795992884 0.0870019755029 1.01393666476 0.944426050492 0.866903685479 0.761518250751 0.425382432134 0.356955863301 0.481801216182 0.835376594913 0.611442205215 0.368071148522 0.421281592974 0.296694383987 0.126621865007 -0.107467868234 -0.0772478240089 0.192401261423 0.226976008642 0.0211482227808 0.0164089464381 -0.209540182265 0.229453326955 0.0257900691172 0.0141181991029 -0.0629127561432 0.108855556363 -0.133938506507 -0.0633411539177 -0.241818426800 -0.399840374443 -0.148246457464 -0.278703899222 0.0154744931115 -0.423929590156
# log_rec_dev:
 -0.544754254138 -0.569590786773 -0.595106164415 -0.621338955267 -0.648243765874 -0.675785960077 -0.703952694036 -0.732673539924 -0.761786450228 -0.791325511756 -0.821271017815 -0.851704701140 -0.882442876028 -0.912738725672 -0.943474125138 -0.974484056787 -1.00632785828 -1.03693575737 -1.06072199299 -1.06854141522 -1.05442459145 -0.989665200178 -0.850857326642 -0.750446864479 -0.646530574996 -0.584455075997 -0.602686762326 -0.558391445218 -0.534683873906 -0.479047523656 -0.234565177546 0.598153285106 0.734958851752 0.811206319970 0.284286855072 0.567729937861 0.188981188404 0.148102703026 -0.196961768534 1.22414201336 0.784289814348 1.90745492159 1.54617253349 1.40286925500 0.107800636459 1.06609545509 0.765916698550 1.84382615429 0.156689117974 1.24551139238 1.97418298420 -0.00360580002889 1.52352934183 1.73071424051 0.971921899366 1.31949808721 1.27348260170 0.513087615802 0.609410182803 0.698968553315 0.901180886242 1.04112392404 1.54491690913 1.34868518221 1.14060020971 1.94198113815 0.643084785654 1.08593733834 0.964411837331 0.940261526324 -0.210128013081 -0.112565791856 -0.306524621332 -0.162949356044 -0.111742089432 -7.19146582462e-06
# log_q_srv1:
-0.459281903152
# log_q_srv2:
0.00000000000
# cv_cpue:
0.00000000000
# logm:
-2.65926003693
# mF50:
0.0609942162671
# mF40:
0.0900774252404
# mF35:
0.110537715319
