#Species name here:
Model_1_goa_dusk_2024.dat
#SSL Species?
0
#Constant buffer of Dorn?
0
#Number of fisheries?
1
#Number of sexes?
1
#5year_Average_F(endyr-4,endyr_as_estimated_by_ADmodel)
0.0315657
#_Author_F_as_fraction_F_40%
1
#ABC SPR
0.4
#MSY SPR
0.35
#_Spawn_month
3
#_Number_of_ages
30
#_F_ratio(must_sum_to_one_only_one_fishery)
1
#_Natural_Mortality 4 5 6 7 8 9 10 11 12 13 14 15 16 17 18 19 20 21 22 23 24 25 26 27 28 29 30 31 32 33
 0.07 0.07 0.07 0.07 0.07 0.07 0.07 0.07 0.07 0.07 0.07 0.07 0.07 0.07 0.07 0.07 0.07 0.07 0.07 0.07 0.07 0.07 0.07 0.07 0.07 0.07 0.07 0.07 0.07 0.07
#_Maturity_divided_by_2(projection_program_uses_to_get_female_spawning_biomass_if_divide_by_2 4 5 6 7 8 9 10 11 12 13 14 15 16 17 18 19 20 21 22 23 24 25 26 27 28 29 30 31 32 33
 0.0150779 0.0287548 0.0541556 0.0996914 0.176375 0.292858 0.444731 0.607681 0.749723 0.852795 0.918058 0.955884 0.976692 0.987811 0.99366 0.996712 0.998297 0.999119 0.999544 0.999764 0.999878 0.999937 0.999967 0.999983 0.999991 0.999995 0.999998 0.999999 0.999999 1
#_Wt_at_age_spawners 4 5 6 7 8 9 10 11 12 13 14 15 16 17 18 19 20 21 22 23 24 25 26 27 28 29 30 31 32 33
 207.5 350.6 509.4 672 830.1 978.1 1113 1233.4 1339.3 1431.2 1510.4 1577.9 1635.3 1683.8 1724.5 1758.8 1787.4 1811.3 1831.2 1847.7 1861.5 1873 1882.4 1890.3 1896.8 1902.2 1906.7 1910.4 1913.5 1922.1
#_Wt_at_age_fishery 4 5 6 7 8 9 10 11 12 13 14 15 16 17 18 19 20 21 22 23 24 25 26 27 28 29 30 31 32 33
 207.5 350.6 509.4 672 830.1 978.1 1113 1233.4 1339.3 1431.2 1510.4 1577.9 1635.3 1683.8 1724.5 1758.8 1787.4 1811.3 1831.2 1847.7 1861.5 1873 1882.4 1890.3 1896.8 1902.2 1906.7 1910.4 1913.5 1922.1
#_Selectivity_fishery_scaled_to_max_at_one 4 5 6 7 8 9 10 11 12 13 14 15 16 17 18 19 20 21 22 23 24 25 26 27 28 29 30 31 32 33
 0.000692959 0.00230568 0.00764298 0.0250254 0.0788014 0.221841 0.487204 0.759982 0.913438 0.972351 0.99154 0.997446 0.999232 0.99977 0.999931 0.999979 0.999994 0.999998 0.999999 1 1 1 1 1 1 1 1 1 1 1
#_Numbers_at_age_end_year 4 5 6 7 8 9 10 11 12 13 14 15 16 17 18 19 20 21 22 23 24 25 26 27 28 29 30 31 32 33
 2.82428 2.35488 2.08589 1.68427 1.90476 1.60615 4.69268 4.40408 4.5169 2.62471 8.69691 3.52497 3.9126 4.28146 2.32155 1.8089 1.32351 1.08283 0.879281 1.68298 1.57801 0.997002 1.90046 1.37765 0.267176 1.72633 0.743211 0.222048 1.05876 2.8859
#_N_recruitment_years
42
#_Recruitment_start_at_1977_yearclass=1979_for_age_2_recruits 1979 1980 1981 1982 1983 1984 1985 1986 1987 1988 1989 1990 1991 1992 1993 1994 1995 1996 1997 1998 1999 2000 2001 2002 2003 2004 2005 2006 2007 2008 2009 2010 2011 2012 2013 2014 2015 2016 2017 2018 2019 2020
 2.23378 5.13672 5.88979 6.35644 3.75297 4.9828 3.41181 3.27515 2.31938 9.60615 6.18762 19.0243 13.2558 11.486 3.14578 8.20183 6.07498 17.8515 3.30339 9.81364 20.3371 2.81414 12.959 15.9423 7.46469 10.5672 10.092 4.71783 5.19487 5.68158 6.95487 7.99955 13.2392 10.8802 8.83624 19.6926 5.37278 8.36619 7.40884 7.23205 2.28904 2.52362
#_Spawners per recruitment (starting at 1977)
 12.3549 11.8241 11.4905 11.19 10.8013 10.4203 10.1548 10.0027 10.2345 10.965 11.9527 13.1045 13.8941 14.5124 15.2105 15.8742 15.8318 16.3247 17.4364 19.1177 21.3168 23.4294 25.0178 25.6344 26.4974 27.7329 28.9436 30.3794 32.0777 34.0192 35.835 37.1346 38.1238 39.0678 39.6069 40.0237 39.4549 39.1025 38.8404 38.9416 39.1424 39.9842 40.9112 42.0547
