# Number of parameters = 124 Objective function value = 493.797668992473  Maximum gradient component = 9.56335849660434e-05
# steepness:
0.599550000000
# log_Rzero:
3.00000000000
# log_mean_rec:
0.957681507052
# sigr:
1.02380829993
# log_fish_sel_coffs:
 0.00000000000 0.00000000000 0.00000000000 0.00000000000 0.00000000000 0.00000000000 0.00000000000 0.00000000000
# a50:
10.2150544352
# delta:
2.44351569751
# a50_mat:
10.3365634363
# delta_mat:
0.659558351582
# log_srv1_sel_coffs:
 0.00000000000 0.00000000000 0.00000000000 0.00000000000 0.00000000000 0.00000000000 0.00000000000
# a50_srv1:
8.72754960217
# delta_srv1:
4.12568634903
# log_srv2_sel_coffs:
 0.00000000000 0.00000000000 0.00000000000 0.00000000000 0.00000000000 0.00000000000 0.00000000000
# a50_srv2:
7.30000000000
# delta_srv2:
3.80000000000
# log_avg_F:
-3.14436891298
# log_F_devs:
 -0.376589963610 -0.835191936242 -0.650575880074 -0.0996876114851 0.119719036859 0.145009107920 0.264095670844 0.0754614398736 -1.54628849569 -1.95563570324 -1.94428443434 0.363921683785 0.788943756141 -0.101115770667 -0.0521930262825 0.984345918066 0.930576278206 0.847408999998 0.739273585621 0.411651060073 0.333734172159 0.445522092186 0.749921339479 0.542094829536 0.310181075302 0.358986558367 0.232884859099 0.0229670579276 -0.175867162158 -0.141326767721 0.137206806458 0.171769915928 -0.0265450350567 -0.0281524338386 -0.252088345836 0.197061053797 0.00564712418618 -0.000749988143685 -0.0766597804366 0.0959968330301 -0.162843250713 -0.107638518859 -0.302975772291 -0.437969232568
# log_rec_dev:
 -0.636907212327 -0.663857472383 -0.691381000409 -0.719598136362 -0.748378017363 -0.777621640022 -0.807298338491 -0.840161618386 -0.871065848422 -0.902501698955 -0.935583608354 -0.966515640827 -0.990673225068 -1.01197086669 -1.05318208113 -1.04827717128 -0.981131569846 -0.949279096251 -0.810418630308 -0.585244351933 -0.643420786476 -0.630838604169 -0.196160570027 -0.286081772665 -0.233406141201 -0.105221661101 0.934510722998 0.577518667265 0.314926811140 -0.406562444456 1.10972140609 -0.268456911828 0.264707681716 -0.131470491664 1.37273926381 0.875018795602 2.01391487108 1.62995800167 1.47942382704 0.175378690723 1.14855904195 0.833642601016 1.94358029070 0.239064149470 1.35230255122 2.04888184759 -0.0197400997120 1.58714406445 1.79647846343 0.971166662246 1.27398055937 1.27211980897 0.423606681191 0.461449670044 0.823497925577 0.953542031268 1.13717802470 1.72668007659 1.65329818949 1.28657133394 2.32809731658 0.108033496360 0.154963935576 0.185206064471 0.132751145596 -0.0561405383517 -6.44997637700e-06
# log_q_srv1:
-0.461192173267
# log_q_srv2:
0.00000000000
# cv_cpue:
0.00000000000
# logm:
-2.65926003693
# mF50:
0.0625679870937
# mF40:
0.0927858278166
# mF35:
0.114182034570
