#Species name here:
Model_1_goa_dr_2020.dat
#SSL Species?
0
#Constant buffer of Dorn?
0
#Number of fisheries?
1
#Number of sexes?
1
#5year_Average_F(endyr-4,endyr_as_estimated_by_ADmodel)
0.0364783
#_Author_F_as_fraction_F_40%
1
#ABC SPR
0.4
#MSY SPR
0.35
#_Spawn_month
3
#_Number_of_ages
25
#_F_ratio(must_sum_to_one_only_one_fishery)
1
#_Natural_Mortality 4 5 6 7 8 9 10 11 12 13 14 15 16 17 18 19 20 21 22 23 24 25 26 27 28
 0.07 0.07 0.07 0.07 0.07 0.07 0.07 0.07 0.07 0.07 0.07 0.07 0.07 0.07 0.07 0.07 0.07 0.07 0.07 0.07 0.07 0.07 0.07 0.07 0.07
#_Maturity_divided_by_2(projection_program_uses_to_get_female_spawning_biomass_if_divide_by_2 4 5 6 7 8 9 10 11 12 13 14 15 16 17 18 19 20 21 22 23 24 25 26 27 28
 0.0150779 0.0287548 0.0541556 0.0996914 0.176375 0.292858 0.444731 0.607681 0.749723 0.852795 0.918058 0.955884 0.976692 0.987811 0.99366 0.996712 0.998297 0.999119 0.999544 0.999764 0.999878 0.999937 0.999967 0.999983 0.999991
#_Wt_at_age_spawners 4 5 6 7 8 9 10 11 12 13 14 15 16 17 18 19 20 21 22 23 24 25 26 27 28
 207.5 352 512.7 677.2 836.8 985.6 1120.7 1240.7 1345.7 1436.3 1513.8 1579.7 1635.2 1681.8 1720.8 1753.3 1780.3 1802.7 1821.3 1836.6 1849.3 1859.8 1868.4 1875.5 1895
#_Wt_at_age_fishery 4 5 6 7 8 9 10 11 12 13 14 15 16 17 18 19 20 21 22 23 24 25 26 27 28
 207.5 352 512.7 677.2 836.8 985.6 1120.7 1240.7 1345.7 1436.3 1513.8 1579.7 1635.2 1681.8 1720.8 1753.3 1780.3 1802.7 1821.3 1836.6 1849.3 1859.8 1868.4 1875.5 1895
#_Selectivity_fishery_scaled_to_max_at_one 4 5 6 7 8 9 10 11 12 13 14 15 16 17 18 19 20 21 22 23 24 25 26 27 28
 0.000558807 0.00186218 0.00618672 0.0203494 0.0648189 0.187835 0.435575 0.720282 0.895749 0.966296 0.989655 0.996877 0.999062 0.999719 0.999916 0.999975 0.999992 0.999998 0.999999 1 1 1 1 1 1
#_Numbers_at_age_end_year 4 5 6 7 8 9 10 11 12 13 14 15 16 17 18 19 20 21 22 23 24 25 26 27 28
 2.60563 2.29681 2.58662 2.5411 2.29714 2.03914 17.3945 5.63744 7.38947 7.16544 3.56378 2.65303 2.08169 1.29404 1.11166 2.31884 2.07704 1.37096 2.7906 2.01639 0.360669 2.55082 1.13451 0.331054 5.84329
#_N_recruitment_years
38
#_Recruitment_start_at_1977_yearclass=1979_for_age_2_recruits 1979 1980 1981 1982 1983 1984 1985 1986 1987 1988 1989 1990 1991 1992 1993 1994 1995 1996 1997 1998 1999 2000 2001 2002 2003 2004 2005 2006 2007 2008 2009 2010 2011 2012 2013 2014 2015 2016
 2.34541 6.6339 4.64225 3.57015 1.73519 7.90427 1.99217 3.39529 2.28465 10.2823 6.25074 19.5231 13.2983 11.4399 3.10514 8.21729 5.99739 18.1971 3.30933 10.0743 20.2178 2.55472 12.741 15.7078 6.88158 9.31534 9.29802 3.98003 4.13353 5.93685 6.76136 8.1243 14.6488 13.6124 9.43336 26.7298 2.90291 3.0424
#_Spawners per recruitment (starting at 1977)
 12.3919 11.7994 11.4158 11.0836 10.6893 10.3368 10.1285 10.05 10.2558 10.9802 11.8772 12.8486 13.204 13.1945 13.8558 14.5962 14.6813 15.3181 16.6014 18.4521 20.7823 22.9971 24.6605 25.4087 26.3481 27.6373 28.9047 30.383 32.1407 34.0617 35.8055 36.9726 37.7788 38.4915 38.7718 38.9497 38.1703 37.7035 37.4437 37.6978
