# Number of parameters = 124 Objective function value = 410.888184062587  Maximum gradient component = 7.67971820155850e-05
# steepness:
0.599550000000
# log_Rzero:
3.00000000000
# log_mean_rec:
0.896919408666
# sigr:
0.942025713678
# log_fish_sel_coffs:
 0.00000000000 0.00000000000 0.00000000000 0.00000000000 0.00000000000 0.00000000000 0.00000000000 0.00000000000
# a50:
10.3038735082
# delta:
2.51854780262
# a50_mat:
10.3365636161
# delta_mat:
0.659558331254
# log_srv1_sel_coffs:
 0.00000000000 0.00000000000 0.00000000000 0.00000000000 0.00000000000 0.00000000000 0.00000000000
# a50_srv1:
8.82144072273
# delta_srv1:
4.31796916968
# log_srv2_sel_coffs:
 0.00000000000 0.00000000000 0.00000000000 0.00000000000 0.00000000000 0.00000000000 0.00000000000
# a50_srv2:
7.30000000000
# delta_srv2:
3.80000000000
# log_avg_F:
-2.97474547300
# log_F_devs:
 -0.421396285859 -0.889110578625 -0.703139187900 -0.143212360420 0.0814135409893 0.106762422418 0.227182338897 -0.0799155252789 -1.63059978978 -2.04310570505 -2.03670798492 0.147872771404 0.460214695002 -0.0707518591297 -0.00210974559137 0.845469760033 0.794770131705 0.738207350886 0.663178090675 0.355395900513 0.299434459099 0.424709172737 0.750602238329 0.554966386931 0.329954569394 0.392012125156 0.269219609286 0.0685832879649 -0.120755516841 -0.0814828078273 0.195947929231 0.238251459854 0.0437515680761 0.0467176522610 -0.167900549015 0.283990752241 0.100505061615 0.102882022486 0.0422773258261 0.223373740637 -0.0184874014479 0.0436685306745 -0.147010213145 -0.275629061028
# log_rec_dev:
 -0.588405343225 -0.614069247643 -0.640310015392 -0.667228485059 -0.694703691111 -0.722642812156 -0.751009251941 -0.780755060720 -0.809697259055 -0.838988876148 -0.869873176397 -0.898465184386 -0.921035059047 -0.942953473186 -0.980197723623 -0.975677301119 -0.914400533706 -0.881231784640 -0.750823135959 -0.544639149668 -0.585981750966 -0.561936084395 -0.147198581122 -0.202028648548 -0.120074751026 0.0287094678949 1.12157258941 0.775693378526 0.500308999691 -0.238603296784 1.19202058268 -0.271426550436 0.133564383203 -0.184658189403 1.24506750062 0.767892574564 1.90838801665 1.53564051119 1.37942055249 0.100896916160 1.03454731700 0.723450914245 1.81386342881 0.132407645754 1.21616616463 1.91021911971 -0.108058706493 1.44355004581 1.65804756755 0.831821904470 1.12885744461 1.11804853364 0.278166772859 0.304411165428 0.657381309195 0.782123444980 0.962647872745 1.53606259392 1.44843221109 1.06933202852 2.05911445557 0.00300487348144 0.00674170357199 0.0600433703179 0.0547132435208 -0.0859713999294 -5.12921852192e-06
# log_q_srv1:
-0.237354549784
# log_q_srv2:
0.00000000000
# cv_cpue:
0.00000000000
# logm:
-2.65926003693
# mF50:
0.0631483816321
# mF40:
0.0938072535050
# mF35:
0.115572807622
