#Species name here:
Model_1_goa_dr_2020.dat
#SSL Species?
0
#Constant buffer of Dorn?
0
#Number of fisheries?
1
#Number of sexes?
1
#5year_Average_F(endyr-4,endyr_as_estimated_by_ADmodel)
0.0500289
#_Author_F_as_fraction_F_40%
1
#ABC SPR
0.4
#MSY SPR
0.35
#_Spawn_month
3
#_Number_of_ages
25
#_F_ratio(must_sum_to_one_only_one_fishery)
1
#_Natural_Mortality 4 5 6 7 8 9 10 11 12 13 14 15 16 17 18 19 20 21 22 23 24 25 26 27 28
 0.07 0.07 0.07 0.07 0.07 0.07 0.07 0.07 0.07 0.07 0.07 0.07 0.07 0.07 0.07 0.07 0.07 0.07 0.07 0.07 0.07 0.07 0.07 0.07 0.07
#_Maturity_divided_by_2(projection_program_uses_to_get_female_spawning_biomass_if_divide_by_2 4 5 6 7 8 9 10 11 12 13 14 15 16 17 18 19 20 21 22 23 24 25 26 27 28
 0.0150779 0.0287548 0.0541556 0.0996914 0.176375 0.292858 0.444731 0.607681 0.749723 0.852795 0.918058 0.955884 0.976692 0.987811 0.99366 0.996712 0.998297 0.999119 0.999544 0.999764 0.999878 0.999937 0.999967 0.999983 0.999991
#_Wt_at_age_spawners 4 5 6 7 8 9 10 11 12 13 14 15 16 17 18 19 20 21 22 23 24 25 26 27 28
 207.5 352 512.7 677.2 836.8 985.6 1120.7 1240.7 1345.7 1436.3 1513.8 1579.7 1635.2 1681.8 1720.8 1753.3 1780.3 1802.7 1821.3 1836.6 1849.3 1859.8 1868.4 1875.5 1895
#_Wt_at_age_fishery 4 5 6 7 8 9 10 11 12 13 14 15 16 17 18 19 20 21 22 23 24 25 26 27 28
 207.5 352 512.7 677.2 836.8 985.6 1120.7 1240.7 1345.7 1436.3 1513.8 1579.7 1635.2 1681.8 1720.8 1753.3 1780.3 1802.7 1821.3 1836.6 1849.3 1859.8 1868.4 1875.5 1895
#_Selectivity_fishery_scaled_to_max_at_one 4 5 6 7 8 9 10 11 12 13 14 15 16 17 18 19 20 21 22 23 24 25 26 27 28
 0.000629553 0.00202377 0.00648558 0.0205815 0.0633602 0.17882 0.412108 0.692928 0.878995 0.958989 0.98689 0.99589 0.99872 0.999602 0.999876 0.999962 0.999988 0.999996 0.999999 1 1 1 1 1 1
#_Numbers_at_age_end_year 4 5 6 7 8 9 10 11 12 13 14 15 16 17 18 19 20 21 22 23 24 25 26 27 28
 2.45203 2.09787 2.2513 2.10968 1.86315 1.72555 12.4682 4.23576 5.57447 5.4202 2.70347 1.99098 1.54894 0.958594 0.822132 1.67845 1.49859 0.983269 1.97983 1.40633 0.26276 1.74775 0.771077 0.229226 3.88079
#_N_recruitment_years
38
#_Recruitment_start_at_1977_yearclass=1979_for_age_2_recruits 1979 1980 1981 1982 1983 1984 1985 1986 1987 1988 1989 1990 1991 1992 1993 1994 1995 1996 1997 1998 1999 2000 2001 2002 2003 2004 2005 2006 2007 2008 2009 2010 2011 2012 2013 2014 2015 2016
 2.52345 7.52697 5.32607 4.04398 1.93154 8.07635 1.86917 2.80242 2.0386 8.51634 5.28468 16.5322 11.388 9.74096 2.71235 6.89962 5.05496 15.041 2.79918 8.27373 16.5625 2.20089 10.3861 12.8709 5.63356 7.582 7.50049 3.23842 3.32454 4.73178 5.36042 6.42096 11.3928 10.4369 7.14385 19.2216 2.45942 2.46862
#_Spawners per recruitment (starting at 1977)
 11.9923 11.3974 11.0246 10.7013 10.3042 9.95084 9.76088 9.72374 10.0587 10.9255 11.9859 13.1138 13.6204 13.8003 14.3176 14.7956 14.5758 14.8198 15.6104 16.8912 18.6376 20.2817 21.4167 21.6636 22.1273 22.9427 23.7177 24.6969 25.9398 27.3428 28.5854 29.2932 29.6896 30.0597 30.0754 30.0516 29.1407 28.5416 28.1105 28.0912
