# Number of parameters = 124 Objective function value = 498.881955257487  Maximum gradient component = 5.27039461106844e-05
# steepness:
0.599550000000
# log_Rzero:
3.00000000000
# log_mean_rec:
0.948397325615
# sigr:
0.961548622403
# log_fish_sel_coffs:
 0.00000000000 0.00000000000 0.00000000000 0.00000000000 0.00000000000 0.00000000000 0.00000000000 0.00000000000
# a50:
10.2510190486
# delta:
2.47054403385
# a50_mat:
10.3365635602
# delta_mat:
0.659558342277
# log_srv1_sel_coffs:
 0.00000000000 0.00000000000 0.00000000000 0.00000000000 0.00000000000 0.00000000000 0.00000000000
# a50_srv1:
8.71281343826
# delta_srv1:
4.13186043968
# log_srv2_sel_coffs:
 0.00000000000 0.00000000000 0.00000000000 0.00000000000 0.00000000000 0.00000000000 0.00000000000
# a50_srv2:
7.30000000000
# delta_srv2:
3.80000000000
# log_avg_F:
-3.03335645692
# log_F_devs:
 -0.425846815883 -0.889787678018 -0.704937743233 -0.150280256625 0.0705791801266 0.0948185850632 0.213162985711 -0.0338760848475 -1.61728303039 -2.02705310598 -2.00676969162 0.390322832801 1.22919359196 -0.159494171522 -0.113135475741 0.916388050176 0.870425094105 0.794153411475 0.693456134570 0.374593203770 0.301502275278 0.417172523381 0.725304209776 0.523654857266 0.297967076620 0.353258848715 0.234556927927 0.0296563523547 -0.164282450091 -0.125605816565 0.158688934320 0.199697846234 0.00146348751092 0.00391661986127 -0.218365286205 0.232310183687 0.0505543616997 0.0495225966045 -0.0196220435897 0.157686101877 -0.0965903652144 -0.0391343278395 -0.228964863857 -0.362977434465
# log_rec_dev:
 -0.598320792564 -0.624246658705 -0.650746486129 -0.677926436492 -0.705662185169 -0.733858337801 -0.762479072695 -0.793285244395 -0.822768855499 -0.852671390851 -0.884887626896 -0.914455356405 -0.937871520652 -0.958621613953 -0.996998566131 -0.992633961899 -0.930555780834 -0.897986559063 -0.765408591967 -0.554537740869 -0.600154742995 -0.579705916078 -0.162414695218 -0.231747083201 -0.168132496914 -0.0312406496696 1.01821551892 0.649014576694 0.346934778916 -0.361329102634 1.08014855749 -0.262381866638 0.218254936807 -0.135685287647 1.32433679459 0.828838225115 1.95615161457 1.56736173386 1.40634171789 0.120031350583 1.06491747342 0.754656361371 1.85012626731 0.157567413127 1.24974305290 1.93844750609 -0.0960966407685 1.46810859517 1.67763167196 0.851946747034 1.15045510865 1.14675282946 0.306436049823 0.339041070652 0.694420483085 0.822537257992 1.00382735439 1.58804306032 1.51505975216 1.15355454095 2.17701291487 0.0586048036047 0.0780663670289 0.120157186814 0.0926994842699 -0.0666322509704 -5.88166588500e-06
# log_q_srv1:
-0.375574289185
# log_q_srv2:
0.00000000000
# cv_cpue:
0.00000000000
# logm:
-2.65926003693
# mF50:
0.0628031502870
# mF40:
0.0931998577280
# mF35:
0.114745982860
