#Species name here:
Model_1_goa_dr_2020.dat
#SSL Species?
0
#Constant buffer of Dorn?
0
#Number of fisheries?
1
#Number of sexes?
1
#5year_Average_F(endyr-4,endyr_as_estimated_by_ADmodel)
0.0436399
#_Author_F_as_fraction_F_40%
1
#ABC SPR
0.4
#MSY SPR
0.35
#_Spawn_month
3
#_Number_of_ages
25
#_F_ratio(must_sum_to_one_only_one_fishery)
1
#_Natural_Mortality 4 5 6 7 8 9 10 11 12 13 14 15 16 17 18 19 20 21 22 23 24 25 26 27 28
 0.07 0.07 0.07 0.07 0.07 0.07 0.07 0.07 0.07 0.07 0.07 0.07 0.07 0.07 0.07 0.07 0.07 0.07 0.07 0.07 0.07 0.07 0.07 0.07 0.07
#_Maturity_divided_by_2(projection_program_uses_to_get_female_spawning_biomass_if_divide_by_2 4 5 6 7 8 9 10 11 12 13 14 15 16 17 18 19 20 21 22 23 24 25 26 27 28
 0.0150779 0.0287548 0.0541556 0.0996914 0.176375 0.292858 0.444731 0.607681 0.749723 0.852795 0.918058 0.955884 0.976692 0.987811 0.99366 0.996712 0.998297 0.999119 0.999544 0.999764 0.999878 0.999937 0.999967 0.999983 0.999991
#_Wt_at_age_spawners 4 5 6 7 8 9 10 11 12 13 14 15 16 17 18 19 20 21 22 23 24 25 26 27 28
 207.5 352 512.7 677.2 836.8 985.6 1120.7 1240.7 1345.7 1436.3 1513.8 1579.7 1635.2 1681.8 1720.8 1753.3 1780.3 1802.7 1821.3 1836.6 1849.3 1859.8 1868.4 1875.5 1895
#_Wt_at_age_fishery 4 5 6 7 8 9 10 11 12 13 14 15 16 17 18 19 20 21 22 23 24 25 26 27 28
 207.5 352 512.7 677.2 836.8 985.6 1120.7 1240.7 1345.7 1436.3 1513.8 1579.7 1635.2 1681.8 1720.8 1753.3 1780.3 1802.7 1821.3 1836.6 1849.3 1859.8 1868.4 1875.5 1895
#_Selectivity_fishery_scaled_to_max_at_one 4 5 6 7 8 9 10 11 12 13 14 15 16 17 18 19 20 21 22 23 24 25 26 27 28
 0.000581059 0.00191092 0.00626532 0.0203399 0.0639956 0.183774 0.425761 0.709437 0.889384 0.963606 0.988661 0.996529 0.998944 0.999679 0.999902 0.99997 0.999991 0.999997 0.999999 1 1 1 1 1 1
#_Numbers_at_age_end_year 4 5 6 7 8 9 10 11 12 13 14 15 16 17 18 19 20 21 22 23 24 25 26 27 28
 2.58155 2.25183 2.46206 2.35891 2.10703 1.92168 14.7914 4.86842 6.31873 6.08633 3.0213 2.23743 1.74568 1.08432 0.929596 1.90984 1.70255 1.12136 2.26852 1.6281 0.302008 2.05245 0.914993 0.271139 4.70064
#_N_recruitment_years
38
#_Recruitment_start_at_1977_yearclass=1979_for_age_2_recruits 1979 1980 1981 1982 1983 1984 1985 1986 1987 1988 1989 1990 1991 1992 1993 1994 1995 1996 1997 1998 1999 2000 2001 2002 2003 2004 2005 2006 2007 2008 2009 2010 2011 2012 2013 2014 2015 2016
 2.50217 7.14643 4.94023 3.65221 1.79871 7.60302 1.98579 3.21122 2.25401 9.7059 5.91349 18.257 12.376 10.5354 2.9108 7.4881 5.49069 16.4204 3.02214 9.00825 17.9366 2.34504 11.2066 13.8188 6.05173 8.1568 8.12666 3.50725 3.62349 5.16972 5.87634 7.04434 12.6346 11.7453 8.18212 22.7692 2.73738 2.79118
#_Spawners per recruitment (starting at 1977)
 12.5466 11.9411 11.5566 11.2232 10.8193 10.4579 10.2517 10.185 10.4457 11.2332 12.1944 13.2145 13.4762 12.6877 13.3106 13.9965 14.0104 14.5369 15.6663 17.3181 19.4169 21.3876 22.808 23.3199 24.0176 25.0473 26.0326 27.2044 28.6361 30.2198 31.6254 32.4618 32.962 33.418 33.4932 33.518 32.6361 32.0664 31.6865 31.7701
