# Number of parameters = 121 Objective function value = 374.873540508252  Maximum gradient component = 5.53577212652660e-05
# steepness:
0.599550000000
# log_Rzero:
3.00000000000
# log_mean_rec:
0.886749005747
# sigr:
1.00245928244
# log_fish_sel_coffs:
 0.00000000000 0.00000000000 0.00000000000 0.00000000000 0.00000000000 0.00000000000 0.00000000000 0.00000000000
# a50:
10.3044049026
# delta:
2.47890339404
# a50_mat:
10.3365635618
# delta_mat:
0.659558339714
# log_srv1_sel_coffs:
 0.00000000000 0.00000000000 0.00000000000 0.00000000000 0.00000000000 0.00000000000 0.00000000000
# a50_srv1:
8.98456488538
# delta_srv1:
4.58641433293
# log_srv2_sel_coffs:
 0.00000000000 0.00000000000 0.00000000000 0.00000000000 0.00000000000 0.00000000000 0.00000000000
# a50_srv2:
7.30000000000
# delta_srv2:
3.80000000000
# log_avg_F:
-3.08996919289
# log_F_devs:
 -0.370218267251 -0.829109781299 -0.639568659766 -0.0773592421815 0.155176426423 0.195131386544 0.334903904308 -0.0549403246295 -1.51778686298 -1.91575475775 -1.92484393530 0.0300615054662 0.215078109934 -0.0514543860125 0.0365210212947 0.942819105013 0.875326609978 0.808737989939 0.715260441770 0.388696893961 0.317280195865 0.432904168183 0.779561862037 0.555518519040 0.316100970363 0.371651713593 0.244949496516 0.0739869383950 -0.158895017544 -0.131843733945 0.138613641113 0.175903054492 -0.0259127439300 -0.0273104053190 -0.246373620630 0.200714896036 0.00702973108370 0.00459658454448 -0.0630108050332 0.116110018456 -0.122209510474 -0.0478455809276 -0.228197588798
# log_rec_dev:
 -0.621614526129 -0.647990195760 -0.674918918030 -0.702565167541 -0.730769643862 -0.759414583667 -0.788474364349 -0.817696623511 -0.846475662102 -0.875007739774 -0.903268187643 -0.931639895027 -0.959411246408 -0.983852433354 -1.00652854257 -1.02364127924 -1.03363308201 -1.01978428011 -0.927775672911 -0.772788360814 -0.778184282239 -0.746502696483 -0.600578299272 -0.575560403850 -0.516380534722 -0.250113340062 0.653401859981 0.782513976756 1.09465209603 0.491264638231 0.930710226571 0.387697588776 0.253343050283 -0.0961794613289 1.37067030510 0.878131160759 2.02776878660 1.65101989333 1.50462205961 0.198045353494 1.18046374400 0.862528491994 1.97370899408 0.272498522221 1.38624110137 2.08829510118 0.0302383439183 1.63055441334 1.83377042857 1.01711771705 1.29616156553 1.28757622706 0.351773341560 0.347874392581 0.829675241746 0.934635960551 1.17958248485 1.63284322195 1.29615344938 0.943457799290 2.29086573526 -0.129992302880 -0.0812740813980 -0.105532189470 -0.00239699597729 -3.80284281576e-06
# log_q_srv1:
-0.422108457621
# log_q_srv2:
0.00000000000
# cv_cpue:
0.00000000000
# logm:
-2.65926003693
# mF50:
0.0622847123281
# mF40:
0.0923675656770
# mF35:
0.113679726595
