# Number of parameters = 119 Objective function value = 365.153211906167  Maximum gradient component = 5.34622590046744e-05
# steepness:
0.599550000000
# log_Rzero:
3.00000000000
# log_mean_rec:
0.902790943934
# sigr:
1.00245928244
# log_fish_sel_coffs:
 0.00000000000 0.00000000000 0.00000000000 0.00000000000 0.00000000000 0.00000000000 0.00000000000 0.00000000000
# a50:
10.3494674214
# delta:
2.43348847053
# a50_mat:
10.3365635239
# delta_mat:
0.659558337220
# log_srv1_sel_coffs:
 0.00000000000 0.00000000000 0.00000000000 0.00000000000 0.00000000000 0.00000000000 0.00000000000
# a50_srv1:
8.82310893735
# delta_srv1:
4.59710530894
# log_srv2_sel_coffs:
 0.00000000000 0.00000000000 0.00000000000 0.00000000000 0.00000000000 0.00000000000 0.00000000000
# a50_srv2:
7.30000000000
# delta_srv2:
3.80000000000
# log_avg_F:
-3.13561298908
# log_F_devs:
 -0.364815897711 -0.821256393690 -0.632678565873 -0.0744032762260 0.155088600781 0.193604707923 0.330545160758 -0.0557840111500 -1.51286275686 -1.90976327820 -1.91882310626 0.0340514871233 0.217635469927 -0.0322775314343 0.0572414194455 0.951508413600 0.883609395309 0.817552546453 0.724907965193 0.398420142265 0.325063167439 0.437341789195 0.780947725753 0.553621633367 0.313110435352 0.366443593688 0.236500749988 0.0630675449155 -0.172052886751 -0.147785120912 0.120185277794 0.154608715012 -0.0498748230759 -0.0531417476757 -0.273372689886 0.171456087916 -0.0244458572222 -0.0279582895210 -0.0965140001214 0.0846533285566 -0.146966660705 -0.0563880031120
# log_rec_dev:
 -0.611244209301 -0.637348606681 -0.664010448363 -0.691399605611 -0.719355773853 -0.747760659132 -0.776591152833 -0.805590093517 -0.834145224942 -0.862458217411 -0.890510899137 -0.918698413267 -0.946304396801 -0.970708399035 -0.993273150008 -1.01020502114 -1.01983976892 -1.00525425291 -0.912038125633 -0.756036662587 -0.762335986946 -0.730754069796 -0.583738738995 -0.557989474302 -0.497058818361 -0.230068244924 0.686249758028 0.813129543463 1.12260762657 0.500514711760 0.943767306248 0.391239167679 0.257587174105 -0.0890760874378 1.38409941069 0.891653570346 2.04429977083 1.67094888910 1.52710944603 0.216378022675 1.21046959711 0.895548835399 2.00931090949 0.307874669065 1.42946888963 2.13666286317 0.0443004301401 1.67482291985 1.89212985223 1.02607240807 1.33046995950 1.33767596477 0.294719497603 0.411890681962 0.913950073890 0.903949425562 1.20699207389 1.60712043751 1.09571199198 0.381074918429 1.66210554318 -0.263275161430 -0.0740540229063 -0.109740889838 -8.06900516181e-07
# log_q_srv1:
-0.490980321525
# log_q_srv2:
0.00000000000
# cv_cpue:
0.00000000000
# logm:
-2.65926003693
# mF50:
0.0626027567487
# mF40:
0.0929396793480
# mF35:
0.114471209327
