#Species name here:
Model_1_goa_dr_2022.dat
#SSL Species?
0
#Constant buffer of Dorn?
0
#Number of fisheries?
1
#Number of sexes?
1
#5year_Average_F(endyr-4,endyr_as_estimated_by_ADmodel)
0.0424828
#_Author_F_as_fraction_F_40%
1
#ABC SPR
0.4
#MSY SPR
0.35
#_Spawn_month
3
#_Number_of_ages
25
#_F_ratio(must_sum_to_one_only_one_fishery)
1
#_Natural_Mortality 4 5 6 7 8 9 10 11 12 13 14 15 16 17 18 19 20 21 22 23 24 25 26 27 28
 0.07 0.07 0.07 0.07 0.07 0.07 0.07 0.07 0.07 0.07 0.07 0.07 0.07 0.07 0.07 0.07 0.07 0.07 0.07 0.07 0.07 0.07 0.07 0.07 0.07
#_Maturity_divided_by_2(projection_program_uses_to_get_female_spawning_biomass_if_divide_by_2 4 5 6 7 8 9 10 11 12 13 14 15 16 17 18 19 20 21 22 23 24 25 26 27 28
 0.0150779 0.0287548 0.0541556 0.0996914 0.176375 0.292858 0.444731 0.607681 0.749723 0.852795 0.918058 0.955884 0.976692 0.987811 0.99366 0.996712 0.998297 0.999119 0.999544 0.999764 0.999878 0.999937 0.999967 0.999983 0.999991
#_Wt_at_age_spawners 4 5 6 7 8 9 10 11 12 13 14 15 16 17 18 19 20 21 22 23 24 25 26 27 28
 204.2 343.9 499.6 660.1 817.1 965.1 1101 1223.2 1331.4 1426.1 1508.2 1578.7 1639 1690.3 1733.7 1770.3 1801.2 1827.1 1848.9 1867.1 1882.3 1895 1905.6 1914.5 1940.2
#_Wt_at_age_fishery 4 5 6 7 8 9 10 11 12 13 14 15 16 17 18 19 20 21 22 23 24 25 26 27 28
 204.2 343.9 499.6 660.1 817.1 965.1 1101 1223.2 1331.4 1426.1 1508.2 1578.7 1639 1690.3 1733.7 1770.3 1801.2 1827.1 1848.9 1867.1 1882.3 1895 1905.6 1914.5 1940.2
#_Selectivity_fishery_scaled_to_max_at_one 4 5 6 7 8 9 10 11 12 13 14 15 16 17 18 19 20 21 22 23 24 25 26 27 28
 0.000374383 0.0012939 0.00446178 0.015267 0.0509017 0.156493 0.390908 0.689453 0.884793 0.963725 0.989236 0.996864 0.999092 0.999737 0.999924 0.999978 0.999994 0.999998 0.999999 1 1 1 1 1 1
#_Numbers_at_age_end_year 4 5 6 7 8 9 10 11 12 13 14 15 16 17 18 19 20 21 22 23 24 25 26 27 28
 2.22429 2.07148 1.67777 1.40813 1.64668 2.37945 1.53866 1.65575 4.11045 3.53556 2.7143 5.99226 4.33618 0.716861 5.94629 2.65032 0.795704 3.76061 1.04025 1.26575 0.389574 1.30081 1.30629 1.64988 2.71141
#_N_recruitment_years
31
#_Recruitment_start_at_1977_yearclass=1979_for_age_2_recruits 1979 1980 1981 1982 1983 1984 1985 1986 1987 1988 1989 1990 1991 1992 1993 1994 1995 1996 1997 1998 1999 2000 2001 2002 2003 2004 2005 2006 2007 2008 2009
 1.98604 5.3983 5.89286 8.56751 4.06418 6.86662 3.68905 3.2595 2.21731 10.0655 6.0602 19.387 13.3679 11.5752 3.00438 8.4774 6.08905 19.355 3.62197 10.7352 21.5317 2.32279 12.5489 15.4718 6.26174 7.30674 7.63494 2.78221 2.36744 3.38833 2.18102
#_Spawners per recruitment (starting at 1977)
 11.2938 10.7399 10.3633 10.015 9.59107 9.19541 8.93323 8.81939 9.11169 9.94477 11.1102 12.5211 13.6548 14.6367 15.6247 16.5033 16.6103 17.1797 18.3289 20.0359 22.2692 24.426 26.0688 26.745 27.7048 29.0738 30.447 32.0485 33.8696 35.8475 37.5636 38.5953 39.1389
