# Number of parameters = 130 Objective function value = 486.504286398729  Maximum gradient component = 5.72786382396532e-05
# steepness:
0.599550000000
# log_Rzero:
3.00000000000
# log_mean_rec:
0.875020891517
# sigr:
1.03695566779
# log_fish_sel_coffs:
 0.00000000000 0.00000000000 0.00000000000 0.00000000000 0.00000000000 0.00000000000 0.00000000000 0.00000000000
# a50:
10.2433208403
# delta:
2.44169107345
# a50_mat:
10.3365635582
# delta_mat:
0.659558343004
# log_srv1_sel_coffs:
 0.00000000000 0.00000000000 0.00000000000 0.00000000000 0.00000000000 0.00000000000 0.00000000000
# a50_srv1:
8.72605648279
# delta_srv1:
4.18412745477
# log_srv2_sel_coffs:
 0.00000000000 0.00000000000 0.00000000000 0.00000000000 0.00000000000 0.00000000000 0.00000000000
# a50_srv2:
7.30000000000
# delta_srv2:
3.80000000000
# log_avg_F:
-3.11321393211
# log_F_devs:
 -0.264551781920 -0.736481278564 -0.554208366710 0.00488304823290 0.228552056932 0.251677531343 0.373609133530 0.0589706769633 -1.50870820070 -1.92736223356 -1.93926660083 0.139724948894 0.388559764041 -0.137407831031 -0.0870484364840 0.931394482523 0.880418388471 0.804518166944 0.705739004582 0.384338881016 0.311874246525 0.425729527914 0.738598799084 0.532079961386 0.301931702449 0.352989863779 0.225622898776 0.0170217095519 -0.178874120111 -0.143179041167 0.139198564174 0.176265515973 -0.0217476503757 -0.0219895861625 -0.245352409333 0.206166413524 0.0151549798618 0.0107269047860 -0.0601675228860 0.116784538417 -0.141653259577 -0.0817478554770 -0.271772921400 -0.401012560401
# log_rec_dev:
 -0.571448822769 -0.597061991602 -0.623355806001 -0.650369752519 -0.678057647728 -0.706384592025 -0.735337611894 -0.765255295721 -0.795355406721 -0.826015032497 -0.857300442662 -0.888396867289 -0.917978067731 -0.944040865110 -0.971352666083 -1.00349468977 -1.03623791967 -1.07309203986 -1.10373297521 -1.12628349309 -1.14800890775 -1.11265973468 -0.977914010054 -0.821727001557 -0.667125280909 -0.496181933562 -0.506782824966 -0.538856142041 -0.179267144607 -0.255829395646 -0.174235186736 -0.0289171335394 1.08794879717 0.813040263238 0.516937634848 -0.286549526663 1.25948633216 -0.277867532461 0.328660016336 -0.113460459227 1.42405482456 0.951108757090 2.07264070538 1.69617010886 1.54431767668 0.200391134565 1.21122046335 0.911644786767 2.00256140064 0.293863371650 1.41061885630 2.10544119782 0.0262330075892 1.63198798263 1.84445319306 1.01350532036 1.30695165843 1.30872828126 0.454575875267 0.486954818827 0.858344966179 0.975275297532 1.16639123004 1.73936913368 1.65720121670 1.30014225869 2.29238883506 0.160591377461 0.134365592347 0.165172031022 0.125184988971 -0.0618948065011 -5.64727014485e-06
# log_q_srv1:
-0.403101172063
# log_q_srv2:
0.00000000000
# cv_cpue:
0.00000000000
# logm:
-2.65926003693
# mF50:
0.0619531803619
# mF40:
0.0918096146421
# mF35:
0.112934977129
