#Species name here:
Model_1_goa_dr_2020.dat
#SSL Species?
0
#Constant buffer of Dorn?
0
#Number of fisheries?
1
#Number of sexes?
1
#5year_Average_F(endyr-4,endyr_as_estimated_by_ADmodel)
0.0386336
#_Author_F_as_fraction_F_40%
1
#ABC SPR
0.4
#MSY SPR
0.35
#_Spawn_month
3
#_Number_of_ages
31
#_F_ratio(must_sum_to_one_only_one_fishery)
1
#_Natural_Mortality 4 5 6 7 8 9 10 11 12 13 14 15 16 17 18 19 20 21 22 23 24 25 26 27 28 29 30 31 32 33 34
 0.07 0.07 0.07 0.07 0.07 0.07 0.07 0.07 0.07 0.07 0.07 0.07 0.07 0.07 0.07 0.07 0.07 0.07 0.07 0.07 0.07 0.07 0.07 0.07 0.07 0.07 0.07 0.07 0.07 0.07 0.07
#_Maturity_divided_by_2(projection_program_uses_to_get_female_spawning_biomass_if_divide_by_2 4 5 6 7 8 9 10 11 12 13 14 15 16 17 18 19 20 21 22 23 24 25 26 27 28 29 30 31 32 33 34
 0.0150779 0.0287548 0.0541556 0.0996914 0.176375 0.292858 0.444731 0.607681 0.749723 0.852795 0.918058 0.955884 0.976692 0.987811 0.99366 0.996712 0.998297 0.999119 0.999544 0.999764 0.999878 0.999937 0.999967 0.999983 0.999991 0.999995 0.999998 0.999999 0.999999 1 1
#_Wt_at_age_spawners 4 5 6 7 8 9 10 11 12 13 14 15 16 17 18 19 20 21 22 23 24 25 26 27 28 29 30 31 32 33 34
 204 344.8 501.5 662.9 820.5 968.7 1104.4 1226.1 1333.7 1427.6 1508.7 1578.3 1637.6 1687.9 1730.5 1766.3 1796.4 1821.6 1842.7 1860.3 1875 1887.3 1897.5 1906 1913.1 1919 1923.9 1927.9 1931.3 1934.1 1942.1
#_Wt_at_age_fishery 4 5 6 7 8 9 10 11 12 13 14 15 16 17 18 19 20 21 22 23 24 25 26 27 28 29 30 31 32 33 34
 204 344.8 501.5 662.9 820.5 968.7 1104.4 1226.1 1333.7 1427.6 1508.7 1578.3 1637.6 1687.9 1730.5 1766.3 1796.4 1821.6 1842.7 1860.3 1875 1887.3 1897.5 1906 1913.1 1919 1923.9 1927.9 1931.3 1934.1 1942.1
#_Selectivity_fishery_scaled_to_max_at_one 4 5 6 7 8 9 10 11 12 13 14 15 16 17 18 19 20 21 22 23 24 25 26 27 28 29 30 31 32 33 34
 0.000537078 0.00179146 0.0059581 0.0196251 0.0626658 0.182527 0.427167 0.713507 0.892677 0.965253 0.989336 0.996783 0.999035 0.999711 0.999913 0.999974 0.999992 0.999998 0.999999 1 1 1 1 1 1 1 1 1 1 1 1
#_Numbers_at_age_end_year 4 5 6 7 8 9 10 11 12 13 14 15 16 17 18 19 20 21 22 23 24 25 26 27 28 29 30 31 32 33 34
 2.39891 2.10246 2.36345 2.29308 2.07172 1.97851 15.4484 5.25648 6.81534 6.65537 3.35856 2.4765 1.9649 1.20779 1.04131 2.18047 1.9428 1.29241 2.64145 1.89963 0.339655 2.42462 1.07907 0.313435 1.52608 0.44931 0.528119 0.166445 0.551901 0.557219 1.7925
#_N_recruitment_years
38
#_Recruitment_start_at_1977_yearclass=1979_for_age_2_recruits 1979 1980 1981 1982 1983 1984 1985 1986 1987 1988 1989 1990 1991 1992 1993 1994 1995 1996 1997 1998 1999 2000 2001 2002 2003 2004 2005 2006 2007 2008 2009 2010 2011 2012 2013 2014 2015 2016
 2.33055 7.12044 5.40898 4.02272 1.80123 8.45288 1.81694 3.33236 2.14162 9.96497 6.20981 19.0613 13.0814 11.2384 2.9312 8.05458 5.96951 17.7713 3.2184 9.83197 19.6969 2.46269 12.2682 15.1723 6.60962 8.86377 8.87953 3.77952 3.9039 5.65967 6.3617 7.70148 13.6589 12.5814 8.80362 23.7459 2.81683 2.74392
#_Spawners per recruitment (starting at 1977)
 10.1337 9.69253 9.45295 9.2611 9.00231 8.77262 8.67772 8.71375 9.09025 9.96313 11.034 12.1936 12.8791 13.3575 14.1133 14.8891 14.9581 15.5319 16.7217 18.4643 20.6918 22.8152 24.4018 25.0696 25.9364 27.1533 28.3418 29.7381 31.4094 33.2384 34.8869 35.9493 36.6566 37.2843 37.4921 37.6072 36.7683 36.2281 35.8745 35.9907
