#Species name here:
Model_1_goa_dr_2022.dat
#SSL Species?
0
#Constant buffer of Dorn?
0
#Number of fisheries?
1
#Number of sexes?
1
#5year_Average_F(endyr-4,endyr_as_estimated_by_ADmodel)
0.0347879
#_Author_F_as_fraction_F_40%
1
#ABC SPR
0.4
#MSY SPR
0.35
#_Spawn_month
3
#_Number_of_ages
25
#_F_ratio(must_sum_to_one_only_one_fishery)
1
#_Natural_Mortality 4 5 6 7 8 9 10 11 12 13 14 15 16 17 18 19 20 21 22 23 24 25 26 27 28
 0.07 0.07 0.07 0.07 0.07 0.07 0.07 0.07 0.07 0.07 0.07 0.07 0.07 0.07 0.07 0.07 0.07 0.07 0.07 0.07 0.07 0.07 0.07 0.07 0.07
#_Maturity_divided_by_2(projection_program_uses_to_get_female_spawning_biomass_if_divide_by_2 4 5 6 7 8 9 10 11 12 13 14 15 16 17 18 19 20 21 22 23 24 25 26 27 28
 0.0150779 0.0287548 0.0541556 0.0996914 0.176375 0.292858 0.444731 0.607681 0.749723 0.852795 0.918058 0.955884 0.976692 0.987811 0.99366 0.996712 0.998297 0.999119 0.999544 0.999764 0.999878 0.999937 0.999967 0.999983 0.999991
#_Wt_at_age_spawners 4 5 6 7 8 9 10 11 12 13 14 15 16 17 18 19 20 21 22 23 24 25 26 27 28
 204.2 343.9 499.6 660.1 817.1 965.1 1101 1223.2 1331.4 1426.1 1508.2 1578.7 1639 1690.3 1733.7 1770.3 1801.2 1827.1 1848.9 1867.1 1882.3 1895 1905.6 1914.5 1940.2
#_Wt_at_age_fishery 4 5 6 7 8 9 10 11 12 13 14 15 16 17 18 19 20 21 22 23 24 25 26 27 28
 204.2 343.9 499.6 660.1 817.1 965.1 1101 1223.2 1331.4 1426.1 1508.2 1578.7 1639 1690.3 1733.7 1770.3 1801.2 1827.1 1848.9 1867.1 1882.3 1895 1905.6 1914.5 1940.2
#_Selectivity_fishery_scaled_to_max_at_one 4 5 6 7 8 9 10 11 12 13 14 15 16 17 18 19 20 21 22 23 24 25 26 27 28
 0.000624201 0.00199709 0.00637029 0.0201268 0.061744 0.174124 0.403156 0.683956 0.873952 0.956922 0.986144 0.995633 0.998633 0.999573 0.999867 0.999958 0.999987 0.999996 0.999999 1 1 1 1 1 1
#_Numbers_at_age_end_year 4 5 6 7 8 9 10 11 12 13 14 15 16 17 18 19 20 21 22 23 24 25 26 27 28
 2.54054 2.36471 2.05329 2.49775 2.76499 3.19661 1.9771 14.9382 5.02063 6.70199 6.43816 3.29289 2.49994 1.93513 1.22469 1.0308 2.08489 1.85292 1.21915 2.45281 1.74748 0.311536 2.1742 0.95911 5.07056
#_N_recruitment_years
39
#_Recruitment_start_at_1977_yearclass=1979_for_age_2_recruits 1979 1980 1981 1982 1983 1984 1985 1986 1987 1988 1989 1990 1991 1992 1993 1994 1995 1996 1997 1998 1999 2000 2001 2002 2003 2004 2005 2006 2007 2008 2009 2010 2011 2012 2013 2014 2015 2016 2017
 1.90385 4.57268 5.21184 6.85244 3.87484 5.7371 3.45003 3.08246 2.23131 9.49992 5.82201 18.3188 12.5979 10.8558 2.96909 7.83666 5.73169 17.3471 3.17629 9.6801 19.51 2.48864 12.4079 15.4669 6.83741 9.26154 9.2931 4.09285 4.33032 6.09911 7.03032 8.27158 14.4802 13.548 9.17508 24.8906 3.03333 4.54863 3.66163
#_Spawners per recruitment (starting at 1977)
 12.207 11.5581 11.1014 10.6706 10.1488 9.64314 9.26469 9.0106 9.15104 9.80318 10.7385 11.8818 12.7252 13.4386 14.2376 14.9822 14.9767 15.4541 16.502 18.0821 20.1623 22.1551 23.6337 24.1509 24.9294 26.0923 27.2374 28.6117 30.2402 32.1001 33.8165 34.9964 35.8464 36.6418 37.0353 37.3471 36.7207 36.416 36.3028 36.6699 37.2448
