# Number of parameters = 115 Objective function value = 338.800878514926  Maximum gradient component = 6.25318365327839e-05
# steepness:
0.599550000000
# log_Rzero:
3.00000000000
# log_mean_rec:
0.881025097256
# sigr:
1.00245928244
# log_fish_sel_coffs:
 0.00000000000 0.00000000000 0.00000000000 0.00000000000 0.00000000000 0.00000000000 0.00000000000 0.00000000000
# a50:
10.3431729622
# delta:
2.43045301193
# a50_mat:
10.3365635843
# delta_mat:
0.659558341590
# log_srv1_sel_coffs:
 0.00000000000 0.00000000000 0.00000000000 0.00000000000 0.00000000000 0.00000000000 0.00000000000
# a50_srv1:
8.55734243902
# delta_srv1:
4.73935234052
# log_srv2_sel_coffs:
 0.00000000000 0.00000000000 0.00000000000 0.00000000000 0.00000000000 0.00000000000 0.00000000000
# a50_srv2:
7.30000000000
# delta_srv2:
3.80000000000
# log_avg_F:
-3.20638871844
# log_F_devs:
 -0.346015189129 -0.797797107402 -0.611975279063 -0.0629800335181 0.159530801076 0.194611154241 0.324760218355 -0.0550792684515 -1.50124012502 -1.89927126945 -1.91089388885 0.0304224050938 0.209388170286 -0.0110670788103 0.0812525620885 0.958783461601 0.887855037658 0.818117370088 0.723039342002 0.395121942901 0.321368395090 0.432237163972 0.773147544285 0.540974423454 0.298365860523 0.348619765783 0.215783574546 0.0394118358544 -0.198126822312 -0.175511631051 0.0903670544272 0.122273147174 -0.0831190728562 -0.0862794813237 -0.304080625129 0.143910861683 -0.0477180202130 -0.0409277999530 -0.0940700398138 0.116810771540
# log_rec_dev:
 -0.566904992762 -0.591786336446 -0.617237267507 -0.643443704382 -0.670240744551 -0.697507696490 -0.725227473181 -0.753130102501 -0.780581561092 -0.807805150571 -0.834789958988 -0.861952114474 -0.888558969553 -0.912158123504 -0.933794149735 -0.949757481118 -0.958336301633 -0.942043073069 -0.845209996119 -0.683963898473 -0.690950735940 -0.658447080530 -0.507567371747 -0.481965329879 -0.420186136773 -0.158851178368 0.796730863529 0.902472385807 1.23647114265 0.550632908663 1.01849977069 0.438502770519 0.321429871417 -0.0362612927046 1.45515417006 0.957693809877 2.12156089233 1.75487962793 1.61719999201 0.285215971274 1.30794155190 0.988586297709 2.10315997486 0.412110359219 1.54129502415 2.24623502892 0.104558424670 1.77941648465 2.00085247392 1.12291064567 1.40217457820 1.34771974094 0.230595668404 0.125844791963 0.794991137358 0.564027270776 0.840638499546 0.312198032890 -0.0693844764314 -0.117208759913 0.0989800774462 -0.177863387963 1.45640312610e-06
# log_q_srv1:
-0.598087963770
# log_q_srv2:
0.00000000000
# cv_cpue:
0.00000000000
# logm:
-2.65926003693
# mF50:
0.0625612315687
# mF40:
0.0928661963595
# mF35:
0.114370714463
