# Number of parameters = 124 Objective function value = 411.023410646131  Maximum gradient component = 6.70840766300025e-05
# steepness:
0.599550000000
# log_Rzero:
3.00000000000
# log_mean_rec:
0.899819911811
# sigr:
0.959681399845
# log_fish_sel_coffs:
 0.00000000000 0.00000000000 0.00000000000 0.00000000000 0.00000000000 0.00000000000 0.00000000000 0.00000000000
# a50:
10.3016220373
# delta:
2.51363345747
# a50_mat:
10.3365636208
# delta_mat:
0.659558327908
# log_srv1_sel_coffs:
 0.00000000000 0.00000000000 0.00000000000 0.00000000000 0.00000000000 0.00000000000 0.00000000000
# a50_srv1:
8.83368129293
# delta_srv1:
4.31670118713
# log_srv2_sel_coffs:
 0.00000000000 0.00000000000 0.00000000000 0.00000000000 0.00000000000 0.00000000000 0.00000000000
# a50_srv2:
7.30000000000
# delta_srv2:
3.80000000000
# log_avg_F:
-2.99908032893
# log_F_devs:
 -0.410117918030 -0.876468905081 -0.690559265213 -0.131642675415 0.0924885121373 0.117901263261 0.238099261151 -0.0713160857414 -1.61881973381 -2.03125203548 -2.02515435609 0.156239689955 0.466908388881 -0.0622323168578 0.00604676377358 0.862361184020 0.810869647780 0.752872781165 0.676132655306 0.366432998763 0.309029149629 0.432998087258 0.757491132101 0.560198285452 0.333302038620 0.393596320252 0.268691164423 0.0665259151684 -0.124561423874 -0.0868260375896 0.189257723141 0.229535692837 0.0348976109603 0.0363624219029 -0.180125103849 0.270511437540 0.0842296953680 0.0845893014050 0.0215612236492 0.200469503962 -0.0437299845173 0.0165134232474 -0.176527724415 -0.306779182634
# log_rec_dev:
 -0.601243834009 -0.627256432252 -0.653844571124 -0.681112679583 -0.708937458700 -0.737225414874 -0.765940308616 -0.796030124664 -0.825309381942 -0.854939778309 -0.886197292334 -0.915094095777 -0.937751001687 -0.959676733734 -0.997509341021 -0.992618352447 -0.929578448025 -0.895993912387 -0.763095245272 -0.551845965727 -0.595437784474 -0.572549443762 -0.150097885643 -0.207702316932 -0.124137209362 0.0245923346795 1.12145539061 0.775302248071 0.502607622614 -0.248045386476 1.19891622196 -0.276088410502 0.143975240988 -0.184167976881 1.25621716805 0.777393637177 1.91986403641 1.54794833856 1.39419521120 0.111215180094 1.05243856678 0.740537543081 1.83512012334 0.150693731508 1.24085286048 1.93737091890 -0.0902879538686 1.47387480480 1.68852826209 0.862540960163 1.16127749926 1.15193417563 0.310722581414 0.339687739347 0.695984418013 0.822456787710 1.00506015359 1.58135292596 1.49591324446 1.11457536037 2.11374945891 0.0221395762166 0.0328698423455 0.0816390509861 0.0680141886857 -0.0818745784741 -5.58809734663e-06
# log_q_srv1:
-0.256029617649
# log_q_srv2:
0.00000000000
# cv_cpue:
0.00000000000
# logm:
-2.65926003693
# mF50:
0.0631346218424
# mF40:
0.0937834864348
# mF35:
0.115540889933
