#Species name here:
Model_1_goa_dr_2020.dat
#SSL Species?
0
#Constant buffer of Dorn?
0
#Number of fisheries?
1
#Number of sexes?
1
#5year_Average_F(endyr-4,endyr_as_estimated_by_ADmodel)
0.0475388
#_Author_F_as_fraction_F_40%
1
#ABC SPR
0.4
#MSY SPR
0.35
#_Spawn_month
3
#_Number_of_ages
25
#_F_ratio(must_sum_to_one_only_one_fishery)
1
#_Natural_Mortality 4 5 6 7 8 9 10 11 12 13 14 15 16 17 18 19 20 21 22 23 24 25 26 27 28
 0.07 0.07 0.07 0.07 0.07 0.07 0.07 0.07 0.07 0.07 0.07 0.07 0.07 0.07 0.07 0.07 0.07 0.07 0.07 0.07 0.07 0.07 0.07 0.07 0.07
#_Maturity_divided_by_2(projection_program_uses_to_get_female_spawning_biomass_if_divide_by_2 4 5 6 7 8 9 10 11 12 13 14 15 16 17 18 19 20 21 22 23 24 25 26 27 28
 0.0150779 0.0287548 0.0541556 0.0996914 0.176375 0.292858 0.444731 0.607681 0.749723 0.852795 0.918058 0.955884 0.976692 0.987811 0.99366 0.996712 0.998297 0.999119 0.999544 0.999764 0.999878 0.999937 0.999967 0.999983 0.999991
#_Wt_at_age_spawners 4 5 6 7 8 9 10 11 12 13 14 15 16 17 18 19 20 21 22 23 24 25 26 27 28
 207.5 352 512.7 677.2 836.8 985.6 1120.7 1240.7 1345.7 1436.3 1513.8 1579.7 1635.2 1681.8 1720.8 1753.3 1780.3 1802.7 1821.3 1836.6 1849.3 1859.8 1868.4 1875.5 1895
#_Wt_at_age_fishery 4 5 6 7 8 9 10 11 12 13 14 15 16 17 18 19 20 21 22 23 24 25 26 27 28
 207.5 352 512.7 677.2 836.8 985.6 1120.7 1240.7 1345.7 1436.3 1513.8 1579.7 1635.2 1681.8 1720.8 1753.3 1780.3 1802.7 1821.3 1836.6 1849.3 1859.8 1868.4 1875.5 1895
#_Selectivity_fishery_scaled_to_max_at_one 4 5 6 7 8 9 10 11 12 13 14 15 16 17 18 19 20 21 22 23 24 25 26 27 28
 0.000622191 0.0020047 0.00643936 0.0204827 0.0632044 0.17877 0.412578 0.693827 0.879686 0.959334 0.987032 0.995945 0.99874 0.999609 0.999879 0.999962 0.999988 0.999996 0.999999 1 1 1 1 1 1
#_Numbers_at_age_end_year 4 5 6 7 8 9 10 11 12 13 14 15 16 17 18 19 20 21 22 23 24 25 26 27 28
 2.45915 2.1126 2.28809 2.16205 1.91818 1.76442 13.2156 4.45209 5.88221 5.71947 2.8515 2.1009 1.63562 1.01125 0.866882 1.7759 1.58635 1.04102 2.09947 1.49379 0.276089 1.8566 0.818293 0.242072 4.11138
#_N_recruitment_years
38
#_Recruitment_start_at_1977_yearclass=1979_for_age_2_recruits 1979 1980 1981 1982 1983 1984 1985 1986 1987 1988 1989 1990 1991 1992 1993 1994 1995 1996 1997 1998 1999 2000 2001 2002 2003 2004 2005 2006 2007 2008 2009 2010 2011 2012 2013 2014 2015 2016
 2.52039 7.54794 5.33945 4.06506 1.91894 8.15586 1.86588 2.83997 2.04552 8.63684 5.35063 16.7715 11.5625 9.91467 2.74844 7.04458 5.15701 15.4088 2.85912 8.50516 17.0678 2.24686 10.737 13.3078 5.82618 7.85458 7.78154 3.3553 3.45391 4.93229 5.59726 6.7186 11.9553 10.9762 7.49619 20.3599 2.51421 2.54134
#_Spawners per recruitment (starting at 1977)
 11.9433 11.3518 10.9802 10.6591 10.2676 9.92179 9.73931 9.71086 10.0537 10.9244 11.9898 13.1242 13.6478 13.8508 14.3857 14.8842 14.6839 14.9527 15.7758 17.0972 18.8896 20.5819 21.7652 22.06 22.5736 23.4444 24.2809 25.3286 26.6456 28.1271 29.45 30.2371 30.7085 31.1427 31.2119 31.2324 30.3565 29.7947 29.4085 29.4501
