# Number of obs
67
# Age vector
2
3
4
5
6
7
8
9
10
11
12
13
14
15
16
17
18
19
20
21
22
23
24
25
26
27
28
29
30
31
32
33
34
35
36
37
38
39
40
41
42
43
44
45
46
47
48
49
50
51
52
53
54
55
56
57
58
59
60
61
62
63
64
65
66
67
68
# Percent agreement vector
1
1
0.818181818181818
0.75
0.893617021276596
0.734375
0.714285714285714
0.72258064516129
0.701492537313433
0.623853211009174
0.595141700404858
0.55
0.422131147540984
0.427884615384615
0.452380952380952
0.380165289256198
0.35
0.267857142857143
0.304347826086957
0.446808510638298
0.36231884057971
0.32
0.192307692307692
0.342857142857143
0.25
0.216216216216216
0.32
0.384615384615385
0.176470588235294
0.25
0.4
0
0.2
0.25
0
0.285714285714286
0
0.25
0.333333333333333
1
1
-9
-9
-9
1
-9
-9
-9
-9
-9
-9
-9
-9
-9
0
1
-9
-9
-9
-9
-9
-9
-9
-9
0
-9
0
# Sample size vector
1
5
11
28
47
64
112
155
201
218
247
260
244
208
168
121
120
112
92
47
69
50
52
35
28
37
25
26
17
12
5
5
5
4
3
7
3
4
3
2
1
-9
-9
-9
1
-9
-9
-9
-9
-9
-9
-9
-9
-9
1
1
-9
-9
-9
-9
-9
-9
-9
-9
1
-9
1
