# Number of parameters = 124 Objective function value = 485.410889551853  Maximum gradient component = 6.61294454140328e-05
# steepness:
0.599550000000
# log_Rzero:
3.00000000000
# log_mean_rec:
1.00279104290
# sigr:
0.932916528105
# log_fish_sel_coffs:
 0.00000000000 0.00000000000 0.00000000000 0.00000000000 0.00000000000 0.00000000000 0.00000000000 0.00000000000
# a50:
10.3035153983
# delta:
2.49882844085
# a50_mat:
10.3365635688
# delta_mat:
0.659558338435
# log_srv1_sel_coffs:
 0.00000000000 0.00000000000 0.00000000000 0.00000000000 0.00000000000 0.00000000000 0.00000000000
# a50_srv1:
8.82160825598
# delta_srv1:
4.24741073778
# log_srv2_sel_coffs:
 0.00000000000 0.00000000000 0.00000000000 0.00000000000 0.00000000000 0.00000000000 0.00000000000
# a50_srv2:
7.30000000000
# delta_srv2:
3.80000000000
# log_avg_F:
-3.01489806783
# log_F_devs:
 -0.464946851841 -0.930040825521 -0.745918478477 -0.192668132544 0.0255543967921 0.0465172919589 0.159731414501 -0.165375543962 -1.68939488176 -2.09998991624 -2.08362321771 0.177101006241 1.95765010832 -0.140476353792 -0.0927386283149 0.912004109738 0.865196007646 0.794500206038 0.701228689219 0.386070537739 0.316505234458 0.432851560576 0.740038427277 0.539380626965 0.313173110528 0.369332180712 0.248971153445 0.0438600125912 -0.151430745732 -0.114875006867 0.162876074446 0.202015726665 0.0116287206850 0.0124867639804 -0.218100642690 0.228227739806 0.0447229197527 0.0422785882669 -0.0247478953524 0.150058254469 -0.101851402486 -0.0472115988787 -0.242033774425 -0.378536838360
# log_rec_dev:
 -0.585256566707 -0.610824223621 -0.636964632961 -0.663777077080 -0.691140219790 -0.718960004316 -0.747197929163 -0.776598656322 -0.805308402406 -0.834327416752 -0.865707994618 -0.894257578429 -0.916697798465 -0.937352745825 -0.973833274761 -0.969010706499 -0.907888238558 -0.873037029168 -0.740937983522 -0.532734951662 -0.568101431112 -0.538824371746 -0.117467818153 -0.164684135148 -0.0756012610756 0.0740085273190 1.17170926132 0.793408801721 0.463375242915 -0.279613573850 1.10202388556 -0.277405909211 0.133329932592 -0.184899280652 1.22852508927 0.746545644913 1.86696894933 1.48586037577 1.32225356740 0.0582561404492 0.985341209105 0.685335485496 1.77485603807 0.100292707871 1.18075875670 1.87121682120 -0.137223046146 1.40685125158 1.62188810356 0.797568856056 1.09581232331 1.09103496538 0.261197472386 0.296274336773 0.657256142978 0.790123475669 0.976827362051 1.56040911592 1.48823644538 1.11732393518 2.13344662197 0.0413504151282 0.0529622160944 0.0949612122755 0.0755331497813 -0.0719127931296 -6.24209846123e-06
# log_q_srv1:
-0.319479096331
# log_q_srv2:
0.00000000000
# cv_cpue:
0.00000000000
# logm:
-2.65926003693
# mF50:
0.0631528037217
# mF40:
0.0938181483051
# mF35:
0.115590705877
