#Species name here:
Model_1_goa_dr_2020.dat
#SSL Species?
0
#Constant buffer of Dorn?
0
#Number of fisheries?
1
#Number of sexes?
1
#5year_Average_F(endyr-4,endyr_as_estimated_by_ADmodel)
0.0440363
#_Author_F_as_fraction_F_40%
1
#ABC SPR
0.4
#MSY SPR
0.35
#_Spawn_month
3
#_Number_of_ages
25
#_F_ratio(must_sum_to_one_only_one_fishery)
1
#_Natural_Mortality 4 5 6 7 8 9 10 11 12 13 14 15 16 17 18 19 20 21 22 23 24 25 26 27 28
 0.07 0.07 0.07 0.07 0.07 0.07 0.07 0.07 0.07 0.07 0.07 0.07 0.07 0.07 0.07 0.07 0.07 0.07 0.07 0.07 0.07 0.07 0.07 0.07 0.07
#_Maturity_divided_by_2(projection_program_uses_to_get_female_spawning_biomass_if_divide_by_2 4 5 6 7 8 9 10 11 12 13 14 15 16 17 18 19 20 21 22 23 24 25 26 27 28
 0.0150779 0.0287548 0.0541556 0.0996914 0.176375 0.292858 0.444731 0.607681 0.749723 0.852795 0.918058 0.955884 0.976692 0.987811 0.99366 0.996712 0.998297 0.999119 0.999544 0.999764 0.999878 0.999937 0.999967 0.999983 0.999991
#_Wt_at_age_spawners 4 5 6 7 8 9 10 11 12 13 14 15 16 17 18 19 20 21 22 23 24 25 26 27 28
 207.5 352 512.7 677.2 836.8 985.6 1120.7 1240.7 1345.7 1436.3 1513.8 1579.7 1635.2 1681.8 1720.8 1753.3 1780.3 1802.7 1821.3 1836.6 1849.3 1859.8 1868.4 1875.5 1895
#_Wt_at_age_fishery 4 5 6 7 8 9 10 11 12 13 14 15 16 17 18 19 20 21 22 23 24 25 26 27 28
 207.5 352 512.7 677.2 836.8 985.6 1120.7 1240.7 1345.7 1436.3 1513.8 1579.7 1635.2 1681.8 1720.8 1753.3 1780.3 1802.7 1821.3 1836.6 1849.3 1859.8 1868.4 1875.5 1895
#_Selectivity_fishery_scaled_to_max_at_one 4 5 6 7 8 9 10 11 12 13 14 15 16 17 18 19 20 21 22 23 24 25 26 27 28
 0.000594255 0.00192812 0.0062373 0.0199843 0.062135 0.177122 0.411531 0.694382 0.880694 0.959973 0.987329 0.996065 0.998786 0.999626 0.999885 0.999965 0.999989 0.999997 0.999999 1 1 1 1 1 1
#_Numbers_at_age_end_year 4 5 6 7 8 9 10 11 12 13 14 15 16 17 18 19 20 21 22 23 24 25 26 27 28
 2.72586 2.36518 2.55543 2.4288 2.16966 1.99451 14.9565 4.96127 6.50282 6.25896 3.10825 2.28838 1.77597 1.09631 0.936892 1.90299 1.69643 1.11639 2.25283 1.60596 0.303522 2.00656 0.891673 0.266945 4.49177
#_N_recruitment_years
38
#_Recruitment_start_at_1977_yearclass=1979_for_age_2_recruits 1979 1980 1981 1982 1983 1984 1985 1986 1987 1988 1989 1990 1991 1992 1993 1994 1995 1996 1997 1998 1999 2000 2001 2002 2003 2004 2005 2006 2007 2008 2009 2010 2011 2012 2013 2014 2015 2016
 2.93527 8.79779 6.0267 4.33259 2.06097 8.20558 2.06553 3.11466 2.26572 9.31211 5.75079 17.6328 12.045 10.2271 2.8894 7.30188 5.40934 16.0811 3.01344 8.87776 17.7078 2.37636 11.13 13.8001 6.05183 8.15477 8.11591 3.53951 3.66587 5.25956 6.00693 7.23998 12.9773 12.0737 8.3321 23.0171 2.84096 2.87414
#_Spawners per recruitment (starting at 1977)
 13.3625 12.7368 12.345 12.0135 11.6188 11.2846 11.1359 11.1659 11.605 12.6007 13.7967 15.0421 15.5415 12.5667 13.2342 13.9321 13.9276 14.4033 15.4527 17.0053 19.0032 20.8795 22.2202 22.6716 23.3219 24.316 25.2746 26.4302 27.8527 29.4368 30.8536 31.7194 32.2583 32.7435 32.8534 32.9276 32.1114 31.6145 31.3191 31.4939
