Alt Stock Year ABC OFL Catch SSB F Total_Biom
1 Model_1_goa_dr_2022.dat 2022 8.04608 9.79664 2.64385 45.051 0.0291545 109.82
1 Model_1_goa_dr_2022.dat 2023 7.91656262 9.6379668 4.78731 44.4953477 0.0542803982 107.159784
1 Model_1_goa_dr_2022.dat 2024 7.51961017 9.15428554 4.39124 42.5814119 0.052366065 102.739974
1 Model_1_goa_dr_2022.dat 2025 7.10285434 8.6465803 7.10285434 40.2095807 0.0913417 99.358599
1 Model_1_goa_dr_2022.dat 2026 6.41807441 7.81278829 6.41807441 36.6392815 0.0913417 93.8615219
1 Model_1_goa_dr_2022.dat 2027 5.79042267 7.04897146 5.79042267 33.4317751 0.0913417 89.6858975
1 Model_1_goa_dr_2022.dat 2028 5.27180824 6.41844747 5.27180824 30.7766317 0.0913417 86.7337511
1 Model_1_goa_dr_2022.dat 2029 4.9142079 5.98436721 4.9142079 28.7935079 0.0913417 84.8259966
1 Model_1_goa_dr_2022.dat 2030 4.69830363 5.71839409 4.69830363 27.4852519 0.0908140149 83.6627547
1 Model_1_goa_dr_2022.dat 2031 4.53651683 5.51978275 4.53651683 26.7276661 0.089027838 83.0576576
1 Model_1_goa_dr_2022.dat 2032 4.45183244 5.41694029 4.45183244 26.3549608 0.0876866196 82.7553049
1 Model_1_goa_dr_2022.dat 2033 4.41514978 5.37240575 4.41514978 26.2079427 0.0869457599 82.6841086
1 Model_1_goa_dr_2022.dat 2034 4.40411698 5.3592529 4.40411698 26.1813217 0.08660031 82.6546022
1 Model_1_goa_dr_2022.dat 2035 4.40924927 5.36573645 4.40924927 26.2199232 0.086465357 82.693524
2 Model_1_goa_dr_2022.dat 2022 8.04608 9.79664 2.64385 45.051 0.0291545 109.82
2 Model_1_goa_dr_2022.dat 2023 7.91656262 9.6379668 4.78731 44.4953477 0.0542803982 107.159784
2 Model_1_goa_dr_2022.dat 2024 7.51961017 9.15428554 4.39124 42.5814119 0.052366065 102.739974
2 Model_1_goa_dr_2022.dat 2025 7.10285434 8.6465803 7.10285434 40.2095807 0.0913417 99.358599
2 Model_1_goa_dr_2022.dat 2026 6.41807441 7.81278829 6.41807441 36.6392815 0.0913417 93.8615219
2 Model_1_goa_dr_2022.dat 2027 5.79042267 7.04897146 5.79042267 33.4317751 0.0913417 89.6858975
2 Model_1_goa_dr_2022.dat 2028 5.27180824 6.41844747 5.27180824 30.7766317 0.0913417 86.7337511
2 Model_1_goa_dr_2022.dat 2029 4.9142079 5.98436721 4.9142079 28.7935079 0.0913417 84.8259966
2 Model_1_goa_dr_2022.dat 2030 4.69830363 5.71839409 4.69830363 27.4852519 0.0908140149 83.6627547
2 Model_1_goa_dr_2022.dat 2031 4.53651683 5.51978275 4.53651683 26.7276661 0.089027838 83.0576576
2 Model_1_goa_dr_2022.dat 2032 4.45183244 5.41694029 4.45183244 26.3549608 0.0876866196 82.7553049
2 Model_1_goa_dr_2022.dat 2033 4.41514978 5.37240575 4.41514978 26.2079427 0.0869457599 82.6841086
2 Model_1_goa_dr_2022.dat 2034 4.40411698 5.3592529 4.40411698 26.1813217 0.08660031 82.6546022
2 Model_1_goa_dr_2022.dat 2035 4.40924927 5.36573645 4.40924927 26.2199232 0.086465357 82.693524
3 Model_1_goa_dr_2022.dat 2022 4.10966 9.79664 2.64385 45.051 0.0291545 109.82
3 Model_1_goa_dr_2022.dat 2023 4.04441448 9.6379668 4.78731 44.4953477 0.0542803982 107.159784
3 Model_1_goa_dr_2022.dat 2024 3.84200052 9.15428554 4.39124 42.5814119 0.052366065 102.739974
3 Model_1_goa_dr_2022.dat 2025 3.62938886 8.6465803 3.62938886 40.5065803 0.0456709 99.358599
3 Model_1_goa_dr_2022.dat 2026 3.42596597 8.16116775 3.42596597 38.5399237 0.0456709 97.3012362
3 Model_1_goa_dr_2022.dat 2027 3.22491993 7.6827592 3.22491993 36.6555771 0.0456709 95.9224212
3 Model_1_goa_dr_2022.dat 2028 3.05448156 7.27907937 3.05448156 35.0587683 0.0456709 95.1975923
3 Model_1_goa_dr_2022.dat 2029 2.94502246 7.02214549 2.94502246 33.9047474 0.0456709 95.0482135
3 Model_1_goa_dr_2022.dat 2030 2.9054994 6.93112299 2.9054994 33.2513868 0.0456709 95.3024887
3 Model_1_goa_dr_2022.dat 2031 2.91167321 6.94725178 2.91167321 33.0225333 0.0456709 95.8676501
3 Model_1_goa_dr_2022.dat 2032 2.93731542 7.00864856 2.93731542 33.080523 0.0456709 96.5126692
3 Model_1_goa_dr_2022.dat 2033 2.96795745 7.08151046 2.96795745 33.3039042 0.0456703089 97.2375244
3 Model_1_goa_dr_2022.dat 2034 2.99871018 7.15462425 2.99871018 33.6082537 0.0456654287 97.9024446
3 Model_1_goa_dr_2022.dat 2035 3.03016365 7.22953367 3.03016365 33.9479283 0.0456569778 98.5631581
4 Model_1_goa_dr_2022.dat 2022 2.77167 9.79664 2.64385 45.051 0.0291545 109.82
4 Model_1_goa_dr_2022.dat 2023 2.72786167 9.6379668 4.78731 44.4953477 0.0542803982 107.159784
4 Model_1_goa_dr_2022.dat 2024 2.59142356 9.15428554 4.39124 42.5814119 0.052366065 102.739974
4 Model_1_goa_dr_2022.dat 2025 2.44808921 8.6465803 2.44808921 40.6051781 0.0305845 99.358599
4 Model_1_goa_dr_2022.dat 2026 2.34451269 8.27970718 2.34451269 39.1898973 0.0305845 98.4714037
4 Model_1_goa_dr_2022.dat 2027 2.23821175 7.90483956 2.23821175 37.7909215 0.0305845 98.1069006
4 Model_1_goa_dr_2022.dat 2028 2.14813987 7.58952181 2.14813987 36.6112004 0.0305845 98.2487797
4 Model_1_goa_dr_2022.dat 2029 2.0952153 7.40724333 2.0952153 35.8109313 0.0305845 98.8375822
4 Model_1_goa_dr_2022.dat 2030 2.08660069 7.38064068 2.08660069 35.4615001 0.0305845 99.7329906
4 Model_1_goa_dr_2022.dat 2031 2.10712049 7.45483883 2.10712049 35.5035758 0.0305845 100.8739936
4 Model_1_goa_dr_2022.dat 2032 2.13970293 7.57026281 2.13970293 35.8124315 0.0305845 102.0503845
4 Model_1_goa_dr_2022.dat 2033 2.17483826 7.69416461 2.17483826 36.2735151 0.0305845 103.2731864
4 Model_1_goa_dr_2022.dat 2034 2.20937432 7.81598842 2.20937432 36.8042329 0.0305845 104.406703
4 Model_1_goa_dr_2022.dat 2035 2.24368004 7.93716086 2.24368004 37.3587569 0.0305845 105.5083162
5 Model_1_goa_dr_2022.dat 2022 0 9.79664 2.64385 45.051 0.0291545 109.82
5 Model_1_goa_dr_2022.dat 2023 0 9.6379668 4.78731 44.4953477 0.0542803982 107.159784
5 Model_1_goa_dr_2022.dat 2024 0 9.15428554 4.39124 42.5814119 0.052366065 102.739974
5 Model_1_goa_dr_2022.dat 2025 0 8.6465803 0 40.8058149 0 99.358599
5 Model_1_goa_dr_2022.dat 2026 0 8.52545438 0 40.5425058 0 100.8969421
5 Model_1_goa_dr_2022.dat 2027 0 8.37564394 0 40.2071247 0 102.7367565
5 Model_1_goa_dr_2022.dat 2028 0 8.26246327 0 39.9894665 0 104.8599233
5 Model_1_goa_dr_2022.dat 2029 0 8.26054034 0 40.0510676 0 107.2279974
5 Model_1_goa_dr_2022.dat 2030 0 8.39799335 0 40.4832625 0 109.7496051
5 Model_1_goa_dr_2022.dat 2031 0 8.62674604 0 41.2555344 0 112.4174487
5 Model_1_goa_dr_2022.dat 2032 0 8.89124649 0 42.2662837 0 115.0568993
5 Model_1_goa_dr_2022.dat 2033 0 9.16028226 0 43.4132098 0 117.6970309
5 Model_1_goa_dr_2022.dat 2034 0 9.42331345 0 44.6158685 0 120.206662
5 Model_1_goa_dr_2022.dat 2035 0 9.68146476 0 45.8264904 0 122.6431055
6 Model_1_goa_dr_2022.dat 2022 9.79664 9.79664 2.64385 45.051 0.0291545 109.82
6 Model_1_goa_dr_2022.dat 2023 9.6379668 9.6379668 9.6379668 44.084753 0.112301 107.159784
6 Model_1_goa_dr_2022.dat 2024 8.66756924 8.66756924 8.66756924 39.9393992 0.112301 97.9136209
6 Model_1_goa_dr_2022.dat 2025 7.74766935 7.74766935 7.74766935 35.9201555 0.112301 90.4937488
6 Model_1_goa_dr_2022.dat 2026 6.88529831 6.88529831 6.88529831 32.2049969 0.112301 84.7630643
6 Model_1_goa_dr_2022.dat 2027 6.1174596 6.1174596 6.1174596 28.9710397 0.112301 80.5678545
6 Model_1_goa_dr_2022.dat 2028 5.46292844 5.46292844 5.46292844 26.3825735 0.111465945 77.7566082
6 Model_1_goa_dr_2022.dat 2029 4.76278431 4.76278431 4.76278431 24.5667142 0.104409734 76.1328643
6 Model_1_goa_dr_2022.dat 2030 4.42469898 4.42469898 4.42469898 23.5715726 0.0998695012 75.585124
6 Model_1_goa_dr_2022.dat 2031 4.32535261 4.32535261 4.32535261 23.1575744 0.0978187049 75.6896069
6 Model_1_goa_dr_2022.dat 2032 4.33502856 4.33502856 4.33502856 23.0801536 0.0972275687 76.000793
6 Model_1_goa_dr_2022.dat 2033 4.38326752 4.38326752 4.38326752 23.1682441 0.0973624506 76.416221
6 Model_1_goa_dr_2022.dat 2034 4.44114873 4.44114873 4.44114873 23.3231434 0.0978001409 76.7602769
6 Model_1_goa_dr_2022.dat 2035 4.50364134 4.50364134 4.50364134 23.4990422 0.0983672681 77.0804397
7 Model_1_goa_dr_2022.dat 2022 9.79664 9.79664 2.64385 45.051 0.0291545 109.82
7 Model_1_goa_dr_2022.dat 2023 9.6379668 9.6379668 7.91656262 44.2326269 0.0913417 107.159784
7 Model_1_goa_dr_2022.dat 2024 8.84023692 8.84023692 7.26159271 40.8691409 0.0913417 99.6261103
7 Model_1_goa_dr_2022.dat 2025 8.05534808 8.05534808 8.05534808 37.3418108 0.112301 93.5286228
7 Model_1_goa_dr_2022.dat 2026 7.14984005 7.14984005 7.14984005 33.435493 0.112301 87.3549396
7 Model_1_goa_dr_2022.dat 2027 6.34309852 6.34309852 6.34309852 30.026346 0.112301 82.7714151
7 Model_1_goa_dr_2022.dat 2028 5.69255109 5.69255109 5.69255109 27.2780786 0.112299658 79.6234646
7 Model_1_goa_dr_2022.dat 2029 5.03787324 5.03787324 5.03787324 25.3008486 0.1072921895 77.6720235
7 Model_1_goa_dr_2022.dat 2030 4.63278666 4.63278666 4.63278666 24.1397459 0.102191296 76.7657483
7 Model_1_goa_dr_2022.dat 2031 4.48158464 4.48158464 4.48158464 23.5969818 0.0995785692 76.5941964
7 Model_1_goa_dr_2022.dat 2032 4.45325166 4.45325166 4.45325166 23.4194161 0.0985509302 76.6938514
7 Model_1_goa_dr_2022.dat 2033 4.47285297 4.47285297 4.47285297 23.4292022 0.0983527566 76.9463143
7 Model_1_goa_dr_2022.dat 2034 4.5088072 4.5088072 4.5088072 23.5230222 0.0985355704 77.1647816
7 Model_1_goa_dr_2022.dat 2035 4.55460241 4.55460241 4.55460241 23.6516023 0.0989095822 77.3885025
