#Species name here:
Model_1_goa_dr_2022.dat
#SSL Species?
0
#Constant buffer of Dorn?
0
#Number of fisheries?
1
#Number of sexes?
1
#5year_Average_F(endyr-4,endyr_as_estimated_by_ADmodel)
0.0417498
#_Author_F_as_fraction_F_40%
1
#ABC SPR
0.4
#MSY SPR
0.35
#_Spawn_month
3
#_Number_of_ages
25
#_F_ratio(must_sum_to_one_only_one_fishery)
1
#_Natural_Mortality 4 5 6 7 8 9 10 11 12 13 14 15 16 17 18 19 20 21 22 23 24 25 26 27 28
 0.07 0.07 0.07 0.07 0.07 0.07 0.07 0.07 0.07 0.07 0.07 0.07 0.07 0.07 0.07 0.07 0.07 0.07 0.07 0.07 0.07 0.07 0.07 0.07 0.07
#_Maturity_divided_by_2(projection_program_uses_to_get_female_spawning_biomass_if_divide_by_2 4 5 6 7 8 9 10 11 12 13 14 15 16 17 18 19 20 21 22 23 24 25 26 27 28
 0.0150779 0.0287548 0.0541556 0.0996914 0.176375 0.292858 0.444731 0.607681 0.749723 0.852795 0.918058 0.955884 0.976692 0.987811 0.99366 0.996712 0.998297 0.999119 0.999544 0.999764 0.999878 0.999937 0.999967 0.999983 0.999991
#_Wt_at_age_spawners 4 5 6 7 8 9 10 11 12 13 14 15 16 17 18 19 20 21 22 23 24 25 26 27 28
 204.2 343.9 499.6 660.1 817.1 965.1 1101 1223.2 1331.4 1426.1 1508.2 1578.7 1639 1690.3 1733.7 1770.3 1801.2 1827.1 1848.9 1867.1 1882.3 1895 1905.6 1914.5 1940.2
#_Wt_at_age_fishery 4 5 6 7 8 9 10 11 12 13 14 15 16 17 18 19 20 21 22 23 24 25 26 27 28
 204.2 343.9 499.6 660.1 817.1 965.1 1101 1223.2 1331.4 1426.1 1508.2 1578.7 1639 1690.3 1733.7 1770.3 1801.2 1827.1 1848.9 1867.1 1882.3 1895 1905.6 1914.5 1940.2
#_Selectivity_fishery_scaled_to_max_at_one 4 5 6 7 8 9 10 11 12 13 14 15 16 17 18 19 20 21 22 23 24 25 26 27 28
 0.000528754 0.00174107 0.00571708 0.0186037 0.0588191 0.170835 0.404494 0.691293 0.880705 0.960535 0.987691 0.996234 0.998855 0.999652 0.999895 0.999968 0.99999 0.999997 0.999999 1 1 1 1 1 1
#_Numbers_at_age_end_year 4 5 6 7 8 9 10 11 12 13 14 15 16 17 18 19 20 21 22 23 24 25 26 27 28
 2.38854 2.22202 1.73643 3.10269 1.70133 2.06625 3.20327 4.22376 2.43994 2.5035 1.44991 1.22782 3.21448 2.85723 1.93054 4.18351 2.99544 0.511614 3.81882 1.6856 0.487492 2.35996 0.67732 0.817858 4.72995
#_N_recruitment_years
35
#_Recruitment_start_at_1977_yearclass=1979_for_age_2_recruits 1979 1980 1981 1982 1983 1984 1985 1986 1987 1988 1989 1990 1991 1992 1993 1994 1995 1996 1997 1998 1999 2000 2001 2002 2003 2004 2005 2006 2007 2008 2009 2010 2011 2012 2013
 1.99464 5.11591 5.69413 7.98531 4.11937 6.56424 3.67302 3.26186 2.27454 10.0786 6.11898 19.511 13.4347 11.6646 3.10709 8.54012 6.18069 18.9337 3.4586 10.6387 21.5402 2.58217 13.5082 16.8422 6.94732 9.20759 9.27961 3.1711 3.34886 5.17816 4.53366 7.10149 4.93203 2.94353 2.2538
#_Spawners per recruitment (starting at 1977)
 11.867 11.2728 10.8611 10.4774 10.0139 9.57541 9.26914 9.10405 9.34156 10.111 11.1981 12.521 13.5632 14.4664 15.4042 16.2553 16.353 16.9333 18.1054 19.8411 22.1043 24.2895 25.9567 26.6518 27.6166 28.9793 30.3411 31.947 33.8136 35.9008 37.8094 39.124 40.0253 40.7644 40.9653 40.9317 39.7751
