Alt Stock Year ABC OFL Catch SSB F Total_Biom
1 Model_1_goa_dr_2022.dat 2022 8.04608 9.79664 2.64385 45.051 0.0291545 109.82
1 Model_1_goa_dr_2022.dat 2023 7.91656262 9.6379668 7.91656262 44.2326268 0.0913417 107.159784
1 Model_1_goa_dr_2022.dat 2024 7.2615926 8.84023679 7.2615926 40.8691403 0.0913417 99.6261096
1 Model_1_goa_dr_2022.dat 2025 6.61709054 8.05534786 6.61709054 37.4678829 0.0913417 93.5286209
1 Model_1_goa_dr_2022.dat 2026 5.99177032 7.2939494 5.99177032 34.2170976 0.0913417 88.7791988
1 Model_1_goa_dr_2022.dat 2027 5.41922446 6.59721129 5.41922446 31.3111704 0.0913417 85.2745968
1 Model_1_goa_dr_2022.dat 2028 4.95027556 6.02713633 4.95027556 28.932554 0.0913417 82.9179602
1 Model_1_goa_dr_2022.dat 2029 4.62573011 5.6296636 4.62573011 27.1990562 0.0911052805 81.5350428
1 Model_1_goa_dr_2022.dat 2030 4.36474952 5.30891129 4.36474952 26.122932 0.0886428022 80.8415072
1 Model_1_goa_dr_2022.dat 2031 4.24181444 5.16007274 4.24181444 25.6008151 0.0866953339 80.7291993
1 Model_1_goa_dr_2022.dat 2032 4.21075169 5.12280999 4.21075169 25.4329624 0.0857171178 80.8578775
1 Model_1_goa_dr_2022.dat 2033 4.22055002 5.13517421 4.22055002 25.4563462 0.0853580125 81.1429564
1 Model_1_goa_dr_2022.dat 2034 4.24850736 5.16949835 4.24850736 25.5701425 0.0853602913 81.4048659
1 Model_1_goa_dr_2022.dat 2035 4.28555944 5.21485976 4.28555944 25.7235276 0.0855164184 81.6804124
2 Model_1_goa_dr_2022.dat 2022 8.04608 9.79664 2.64385 45.051 0.0291545 109.82
2 Model_1_goa_dr_2022.dat 2023 7.91656262 9.6379668 7.91656262 44.2326268 0.0913417 107.159784
2 Model_1_goa_dr_2022.dat 2024 7.2615926 8.84023679 7.2615926 40.8691403 0.0913417 99.6261096
2 Model_1_goa_dr_2022.dat 2025 6.61709054 8.05534786 6.61709054 37.4678829 0.0913417 93.5286209
2 Model_1_goa_dr_2022.dat 2026 5.99177032 7.2939494 5.99177032 34.2170976 0.0913417 88.7791988
2 Model_1_goa_dr_2022.dat 2027 5.41922446 6.59721129 5.41922446 31.3111704 0.0913417 85.2745968
2 Model_1_goa_dr_2022.dat 2028 4.95027556 6.02713633 4.95027556 28.932554 0.0913417 82.9179602
2 Model_1_goa_dr_2022.dat 2029 4.62573011 5.6296636 4.62573011 27.1990562 0.0911052805 81.5350428
2 Model_1_goa_dr_2022.dat 2030 4.36474952 5.30891129 4.36474952 26.122932 0.0886428022 80.8415072
2 Model_1_goa_dr_2022.dat 2031 4.24181444 5.16007274 4.24181444 25.6008151 0.0866953339 80.7291993
2 Model_1_goa_dr_2022.dat 2032 4.21075169 5.12280999 4.21075169 25.4329624 0.0857171178 80.8578775
2 Model_1_goa_dr_2022.dat 2033 4.22055002 5.13517421 4.22055002 25.4563462 0.0853580125 81.1429564
2 Model_1_goa_dr_2022.dat 2034 4.24850736 5.16949835 4.24850736 25.5701425 0.0853602913 81.4048659
2 Model_1_goa_dr_2022.dat 2035 4.28555944 5.21485976 4.28555944 25.7235276 0.0855164184 81.6804124
3 Model_1_goa_dr_2022.dat 2022 4.10966 9.79664 2.64385 45.051 0.0291545 109.82
3 Model_1_goa_dr_2022.dat 2023 4.04441448 9.6379668 4.04441448 44.5566066 0.0456709 107.159784
3 Model_1_goa_dr_2022.dat 2024 3.87332263 9.22887184 3.87332263 42.9733892 0.0456709 103.4793799
3 Model_1_goa_dr_2022.dat 2025 3.6814756 8.77059772 3.6814756 41.0862661 0.0456709 100.5804796
3 Model_1_goa_dr_2022.dat 2026 3.47375858 8.27494434 3.47375858 39.0753932 0.0456709 98.4151563
3 Model_1_goa_dr_2022.dat 2027 3.26844692 7.78637349 3.26844692 37.1458756 0.0456709 96.9338739
3 Model_1_goa_dr_2022.dat 2028 3.09392804 7.37297669 3.09392804 35.5047872 0.0456709 96.1130761
3 Model_1_goa_dr_2022.dat 2029 2.9806427 7.10693403 2.9806427 34.3084804 0.0456709 95.8744608
3 Model_1_goa_dr_2022.dat 2030 2.93758703 7.00750205 2.93758703 33.6156033 0.0456709 96.0466085
3 Model_1_goa_dr_2022.dat 2031 2.9405218 7.01592072 2.9405218 33.3502539 0.0456709 96.5365877
3 Model_1_goa_dr_2022.dat 2032 2.96320809 7.07028154 2.96320809 33.3748043 0.0456709 97.1130404
3 Model_1_goa_dr_2022.dat 2033 2.99119093 7.13681301 2.99119093 33.5677672 0.045670782 97.7756953
3 Model_1_goa_dr_2022.dat 2034 3.01959899 7.20435445 3.01959899 33.8445427 0.0456676376 98.3843157
3 Model_1_goa_dr_2022.dat 2035 3.04893648 7.2742379 3.04893648 34.159266 0.045660886 98.9941238
4 Model_1_goa_dr_2022.dat 2022 2.77167 9.79664 2.64385 45.051 0.0291545 109.82
4 Model_1_goa_dr_2022.dat 2023 2.72786167 9.6379668 2.72786167 44.664159 0.0305845 107.159784
4 Model_1_goa_dr_2022.dat 2024 2.65000689 9.36108097 2.65000689 43.6928205 0.0305845 104.789886
4 Model_1_goa_dr_2022.dat 2025 2.55420248 9.02109981 2.55420248 42.3599746 0.0305845 103.0492889
4 Model_1_goa_dr_2022.dat 2026 2.4433619 8.62852639 2.4433619 40.835512 0.0305845 101.886747
4 Model_1_goa_dr_2022.dat 2027 2.32960947 8.22733457 2.32960947 39.3206897 0.0305845 101.2551266
4 Model_1_goa_dr_2022.dat 2028 2.23223032 7.8862203 2.23223032 38.0240302 0.0305845 101.1415171
4 Model_1_goa_dr_2022.dat 2029 2.17230499 7.67923648 2.17230499 37.1092931 0.0305845 101.4880623
4 Model_1_goa_dr_2022.dat 2030 2.15710127 7.62938412 2.15710127 36.6506165 0.0305845 102.1563713
4 Model_1_goa_dr_2022.dat 2031 2.17146886 7.68187485 2.17146886 36.5898302 0.0305845 103.085675
4 Model_1_goa_dr_2022.dat 2032 2.19833666 7.77713579 2.19833666 36.8026847 0.0305845 104.0655751
4 Model_1_goa_dr_2022.dat 2033 2.22819771 7.88242745 2.22819771 37.174926 0.0305845 105.1070541
4 Model_1_goa_dr_2022.dat 2034 2.25788078 7.98713016 2.25788078 37.6237856 0.0305845 106.0737911
4 Model_1_goa_dr_2022.dat 2035 2.28773269 8.09258824 2.28773269 38.1031148 0.0305845 107.0223258
5 Model_1_goa_dr_2022.dat 2022 0 9.79664 2.64385 45.051 0.0291545 109.82
5 Model_1_goa_dr_2022.dat 2023 0 9.6379668 0 44.8830096 0 107.159784
5 Model_1_goa_dr_2022.dat 2024 0 9.63512422 0 45.1897136 0 107.505786
5 Model_1_goa_dr_2022.dat 2025 0 9.551965 0 45.0696898 0 108.279674
5 Model_1_goa_dr_2022.dat 2026 0 9.39453273 0 44.6637872 0 109.405272
5 Model_1_goa_dr_2022.dat 2027 0 9.20387681 0 44.15629 0 110.8214135
5 Model_1_goa_dr_2022.dat 2028 0 9.04799092 0 43.7494034 0 112.518283
5 Model_1_goa_dr_2022.dat 2029 0 9.00295272 0 43.6132835 0 114.4623672
5 Model_1_goa_dr_2022.dat 2030 0 9.09798609 0 43.8467951 0 116.5691608
5 Model_1_goa_dr_2022.dat 2031 0 9.2854627 0 44.4233531 0 118.834335
5 Model_1_goa_dr_2022.dat 2032 0 9.5100827 0 45.2436973 0 121.0850563
5 Model_1_goa_dr_2022.dat 2033 0 9.74092421 0 46.2075757 0 123.3530713
5 Model_1_goa_dr_2022.dat 2034 0 9.96753199 0 47.2353153 0 125.5078714
5 Model_1_goa_dr_2022.dat 2035 0 10.19105526 0 48.2794404 0 127.6069811
6 Model_1_goa_dr_2022.dat 2022 9.79664 9.79664 2.64385 45.051 0.0291545 109.82
6 Model_1_goa_dr_2022.dat 2023 9.6379668 9.6379668 9.6379668 44.0847526 0.112301 107.159784
6 Model_1_goa_dr_2022.dat 2024 8.66756886 8.66756886 8.66756886 39.9393978 0.112301 97.9136172
6 Model_1_goa_dr_2022.dat 2025 7.74766868 7.74766868 7.74766868 35.9201524 0.112301 90.4937414
6 Model_1_goa_dr_2022.dat 2026 6.88529771 6.88529771 6.88529771 32.2049949 0.112301 84.7630588
6 Model_1_goa_dr_2022.dat 2027 6.11745913 6.11745913 6.11745913 28.9710372 0.112301 80.5678493
6 Model_1_goa_dr_2022.dat 2028 5.46292799 5.46292799 5.46292799 26.3825711 0.111465939 77.756603
6 Model_1_goa_dr_2022.dat 2029 4.76278377 4.76278377 4.76278377 24.5667121 0.1044097288 76.1328603
6 Model_1_goa_dr_2022.dat 2030 4.42469845 4.42469845 4.42469845 23.5715716 0.0998694956 75.5851212
6 Model_1_goa_dr_2022.dat 2031 4.32535229 4.32535229 4.32535229 23.1575732 0.0978186999 75.6896047
6 Model_1_goa_dr_2022.dat 2032 4.33502835 4.33502835 4.33502835 23.0801529 0.0972275668 76.0007917
6 Model_1_goa_dr_2022.dat 2033 4.38326733 4.38326733 4.38326733 23.1682432 0.0973624494 76.4162197
6 Model_1_goa_dr_2022.dat 2034 4.44114855 4.44114855 4.44114855 23.3231431 0.09780014 76.7602757
6 Model_1_goa_dr_2022.dat 2035 4.50364127 4.50364127 4.50364127 23.4990417 0.0983672673 77.0804392
7 Model_1_goa_dr_2022.dat 2022 9.79664 9.79664 2.64385 45.051 0.0291545 109.82
7 Model_1_goa_dr_2022.dat 2023 9.6379668 9.6379668 7.91656262 44.2326268 0.0913417 107.159784
7 Model_1_goa_dr_2022.dat 2024 8.84023679 8.84023679 7.2615926 40.8691403 0.0913417 99.6261096
7 Model_1_goa_dr_2022.dat 2025 8.05534786 8.05534786 8.05534786 37.3418096 0.112301 93.5286209
7 Model_1_goa_dr_2022.dat 2026 7.14983991 7.14983991 7.14983991 33.4354919 0.112301 87.3549381
7 Model_1_goa_dr_2022.dat 2027 6.34309835 6.34309835 6.34309835 30.0263456 0.112301 82.7714136
7 Model_1_goa_dr_2022.dat 2028 5.69255099 5.69255099 5.69255099 27.2780779 0.112299658 79.6234628
7 Model_1_goa_dr_2022.dat 2029 5.03787307 5.03787307 5.03787307 25.3008481 0.1072921875 77.6720218
7 Model_1_goa_dr_2022.dat 2030 4.63278655 4.63278655 4.63278655 24.1397453 0.1021912921 76.7657467
7 Model_1_goa_dr_2022.dat 2031 4.48158452 4.48158452 4.48158452 23.5969814 0.0995785685 76.594196
7 Model_1_goa_dr_2022.dat 2032 4.45325155 4.45325155 4.45325155 23.419416 0.0985509284 76.6938511
7 Model_1_goa_dr_2022.dat 2033 4.47285288 4.47285288 4.47285288 23.4292021 0.0983527559 76.946314
7 Model_1_goa_dr_2022.dat 2034 4.50880714 4.50880714 4.50880714 23.5230219 0.098535569 77.1647811
7 Model_1_goa_dr_2022.dat 2035 4.55460238 4.55460238 4.55460238 23.6516023 0.0989095821 77.3885021
