# Number of parameters = 124 Objective function value = 419.254216775733  Maximum gradient component = 6.75115806799566e-05
# steepness:
0.599550000000
# log_Rzero:
3.00000000000
# log_mean_rec:
0.917702008126
# sigr:
0.993681736904
# log_fish_sel_coffs:
 0.00000000000 0.00000000000 0.00000000000 0.00000000000 0.00000000000 0.00000000000 0.00000000000 0.00000000000
# a50:
10.2917645133
# delta:
2.49952596837
# a50_mat:
10.3365635957
# delta_mat:
0.659558325412
# log_srv1_sel_coffs:
 0.00000000000 0.00000000000 0.00000000000 0.00000000000 0.00000000000 0.00000000000 0.00000000000
# a50_srv1:
8.85293566217
# delta_srv1:
4.30601595241
# log_srv2_sel_coffs:
 0.00000000000 0.00000000000 0.00000000000 0.00000000000 0.00000000000 0.00000000000 0.00000000000
# a50_srv2:
7.30000000000
# delta_srv2:
3.80000000000
# log_avg_F:
-3.05910375878
# log_F_devs:
 -0.390592853088 -0.853659128608 -0.668119337201 -0.112202405198 0.110201781258 0.135525971886 0.254965508062 -0.0408036119099 -1.59288369287 -2.00452456506 -1.99864982635 0.186551065382 0.499821806781 -0.0460092535528 0.0204662684217 0.904626356745 0.850542037355 0.788155762676 0.706041529368 0.391597067864 0.329918686159 0.450375006140 0.771757849917 0.570368980826 0.339618914830 0.395918569764 0.266746054737 0.0611641479037 -0.133666631894 -0.0989653933317 0.174547838386 0.210579276966 0.0138830329972 0.0121073028484 -0.207549710257 0.240320430414 0.0484101030899 0.0444401360923 -0.0241595102385 0.150069628650 -0.0992116401622 -0.0429444727744 -0.240588217134 -0.374190127032
# log_rec_dev:
 -0.624089728681 -0.650709190735 -0.677901961278 -0.705779961688 -0.734216082610 -0.763114064700 -0.792440183978 -0.823383689109 -0.853348916978 -0.883693661829 -0.915680071545 -0.945262487811 -0.968213583973 -0.990172996304 -1.02932696911 -1.02389528230 -0.957677958173 -0.923716506331 -0.786454031456 -0.566090997466 -0.615155112833 -0.595391619242 -0.160408957710 -0.226659114213 -0.145133658084 0.000984754655164 1.09506894951 0.747677890742 0.482246891343 -0.280092818271 1.19699133578 -0.286417823451 0.163123651912 -0.184422451813 1.27730796092 0.796452314827 1.94224002180 1.57163559727 1.42201902159 0.131100035809 1.08632453039 0.773361568421 1.87563964447 0.186124046933 1.28822446329 1.98957514927 -0.0549086744292 1.53272928033 1.74830396801 0.923798712543 1.22643826645 1.22077218080 0.377552155921 0.411872878928 0.774568436256 0.904504952516 1.09128736204 1.67357268019 1.59286904734 1.20843462779 2.22658003025 0.0622108678411 0.0896250864558 0.128090686506 0.0963915655649 -0.0724209347205 -6.18452046197e-06
# log_q_srv1:
-0.308881929609
# log_q_srv2:
0.00000000000
# cv_cpue:
0.00000000000
# logm:
-2.65926003693
# mF50:
0.0630718295367
# mF40:
0.0936737610802
# mF35:
0.115392252061
