#Species name here:
Model_1_goa_dr_2020.dat
#SSL Species?
0
#Constant buffer of Dorn?
0
#Number of fisheries?
1
#Number of sexes?
1
#5year_Average_F(endyr-4,endyr_as_estimated_by_ADmodel)
0.0422315
#_Author_F_as_fraction_F_40%
1
#ABC SPR
0.4
#MSY SPR
0.35
#_Spawn_month
3
#_Number_of_ages
25
#_F_ratio(must_sum_to_one_only_one_fishery)
1
#_Natural_Mortality 4 5 6 7 8 9 10 11 12 13 14 15 16 17 18 19 20 21 22 23 24 25 26 27 28
 0.07 0.07 0.07 0.07 0.07 0.07 0.07 0.07 0.07 0.07 0.07 0.07 0.07 0.07 0.07 0.07 0.07 0.07 0.07 0.07 0.07 0.07 0.07 0.07 0.07
#_Maturity_divided_by_2(projection_program_uses_to_get_female_spawning_biomass_if_divide_by_2 4 5 6 7 8 9 10 11 12 13 14 15 16 17 18 19 20 21 22 23 24 25 26 27 28
 0.0150779 0.0287548 0.0541556 0.0996914 0.176375 0.292858 0.444731 0.607681 0.749723 0.852795 0.918058 0.955884 0.976692 0.987811 0.99366 0.996712 0.998297 0.999119 0.999544 0.999764 0.999878 0.999937 0.999967 0.999983 0.999991
#_Wt_at_age_spawners 4 5 6 7 8 9 10 11 12 13 14 15 16 17 18 19 20 21 22 23 24 25 26 27 28
 207.5 352 512.7 677.2 836.8 985.6 1120.7 1240.7 1345.7 1436.3 1513.8 1579.7 1635.2 1681.8 1720.8 1753.3 1780.3 1802.7 1821.3 1836.6 1849.3 1859.8 1868.4 1875.5 1895
#_Wt_at_age_fishery 4 5 6 7 8 9 10 11 12 13 14 15 16 17 18 19 20 21 22 23 24 25 26 27 28
 207.5 352 512.7 677.2 836.8 985.6 1120.7 1240.7 1345.7 1436.3 1513.8 1579.7 1635.2 1681.8 1720.8 1753.3 1780.3 1802.7 1821.3 1836.6 1849.3 1859.8 1868.4 1875.5 1895
#_Selectivity_fishery_scaled_to_max_at_one 4 5 6 7 8 9 10 11 12 13 14 15 16 17 18 19 20 21 22 23 24 25 26 27 28
 0.000603783 0.00195835 0.00633258 0.0202787 0.0629913 0.179212 0.414911 0.697264 0.882082 0.960468 0.987486 0.996113 0.9988 0.99963 0.999886 0.999965 0.999989 0.999997 0.999999 1 1 1 1 1 1
#_Numbers_at_age_end_year 4 5 6 7 8 9 10 11 12 13 14 15 16 17 18 19 20 21 22 23 24 25 26 27 28
 2.50352 2.17115 2.39646 2.30584 2.06716 1.87063 15.0821 4.99568 6.64437 6.46011 3.21833 2.37408 1.85173 1.14344 0.979823 2.0208 1.80639 1.18578 2.39791 1.71164 0.310226 2.12924 0.937169 0.274915 4.70793
#_N_recruitment_years
38
#_Recruitment_start_at_1977_yearclass=1979_for_age_2_recruits 1979 1980 1981 1982 1983 1984 1985 1986 1987 1988 1989 1990 1991 1992 1993 1994 1995 1996 1997 1998 1999 2000 2001 2002 2003 2004 2005 2006 2007 2008 2009 2010 2011 2012 2013 2014 2015 2016
 2.506 7.48403 5.28768 4.05499 1.89195 8.28704 1.88002 2.94711 2.0819 8.98009 5.55198 17.4605 12.0533 10.3783 2.85423 7.41887 5.42525 16.3355 3.01568 9.07866 18.3069 2.36977 11.5933 14.3824 6.30599 8.5347 8.48648 3.65192 3.77944 5.4318 6.18549 7.45578 13.3468 12.312 8.38242 23.203 2.66422 2.73827
#_Spawners per recruitment (starting at 1977)
 12.0073 11.4196 11.047 10.7269 10.343 10.0072 9.83273 9.81151 10.1495 11.0093 12.0632 13.1895 13.7243 13.9525 14.5249 15.0761 14.9304 15.2732 16.1933 17.6338 19.5578 21.3856 22.7015 23.1235 23.7664 24.7762 25.7648 26.9792 28.4761 30.1472 31.6634 32.6409 33.292 33.8841 34.0858 34.2149 33.4257 32.9551 32.6785 32.87
