# Number of parameters = 124 Objective function value = 477.232068121492  Maximum gradient component = 1.88618468640050e-05
# steepness:
0.599550000000
# log_Rzero:
3.00000000000
# log_mean_rec:
0.783878101725
# sigr:
1.10812525375
# log_fish_sel_coffs:
 0.00000000000 0.00000000000 0.00000000000 0.00000000000 0.00000000000 0.00000000000 0.00000000000 0.00000000000
# a50:
10.2699731222
# delta:
2.44736719555
# a50_mat:
10.3365635660
# delta_mat:
0.659558338425
# log_srv1_sel_coffs:
 0.00000000000 0.00000000000 0.00000000000 0.00000000000 0.00000000000 0.00000000000 0.00000000000
# a50_srv1:
8.83260537345
# delta_srv1:
4.27689122057
# log_srv2_sel_coffs:
 0.00000000000 0.00000000000 0.00000000000 0.00000000000 0.00000000000 0.00000000000 0.00000000000
# a50_srv2:
7.30000000000
# delta_srv2:
3.80000000000
# log_avg_F:
-3.06825225130
# log_F_devs:
 -0.299535977612 -0.761775954241 -0.573709629745 -0.0117082478381 0.217915156988 0.249701268768 0.376506305919 0.0376917950105 -1.49167028624 -1.90981551740 -1.92236795807 0.152185360426 0.397383655239 -0.130667147520 -0.0599178139782 0.955271513408 0.899457987974 0.824737204218 0.717358449759 0.384381680444 0.302700979433 0.413485992694 0.750482316422 0.527133610764 0.292718230627 0.347959328254 0.227346729966 0.0576357873931 -0.172802127155 -0.142373696094 0.138019321288 0.179295434516 -0.0234758804394 -0.0222156164866 -0.245521035457 0.202574802372 0.0118425062744 0.00823319055553 -0.0621524008404 0.114428255392 -0.143680996707 -0.0858500411129 -0.276334326845 -0.450872221138
# log_rec_dev:
 -0.708989727004 -0.737579731092 -0.766716459321 -0.796567902577 -0.826969171401 -0.857803724474 -0.889047291114 -0.922096100047 -0.953811750269 -0.985865125384 -1.01872398686 -1.04939783308 -1.07182853933 -1.09152687313 -1.13389426528 -1.12646555171 -1.04898169595 -1.01246438021 -0.859664759616 -0.605895712954 -0.670130185738 -0.660729702738 -0.181443618526 -0.263487428883 -0.166689715269 -0.0193248406849 1.12492707360 0.808512707592 0.613390964745 -0.249853676194 1.42413126965 -0.180691631601 0.439243605906 -0.0335595125253 1.54180344150 1.00926102512 2.16039378731 1.77052996198 1.62433725248 0.287072313214 1.28950952726 0.961143530617 2.07469962421 0.343841133037 1.47790685388 2.17037156795 0.0535607682249 1.70355717439 1.90559984503 1.07447191041 1.37710589153 1.37326020643 0.518580886554 0.558301685361 0.920663398779 1.04620178191 1.22794081138 1.81156481260 1.73475340220 1.35633567505 2.39404966455 0.121242394349 0.187721143176 0.206591581620 0.149155668720 -0.0638573933335 -6.80316150614e-06
# log_q_srv1:
-0.356375138843
# log_q_srv2:
0.00000000000
# cv_cpue:
0.00000000000
# logm:
-2.65926003693
# mF50:
0.0622355787558
# mF40:
0.0922671146806
# mF35:
0.113531413732
