#Species name here:
Model_1_goa_dr_2020.dat
#SSL Species?
0
#Constant buffer of Dorn?
0
#Number of fisheries?
1
#Number of sexes?
1
#5year_Average_F(endyr-4,endyr_as_estimated_by_ADmodel)
0.0399991
#_Author_F_as_fraction_F_40%
1
#ABC SPR
0.4
#MSY SPR
0.35
#_Spawn_month
3
#_Number_of_ages
25
#_F_ratio(must_sum_to_one_only_one_fishery)
1
#_Natural_Mortality 4 5 6 7 8 9 10 11 12 13 14 15 16 17 18 19 20 21 22 23 24 25 26 27 28
 0.07 0.07 0.07 0.07 0.07 0.07 0.07 0.07 0.07 0.07 0.07 0.07 0.07 0.07 0.07 0.07 0.07 0.07 0.07 0.07 0.07 0.07 0.07 0.07 0.07
#_Maturity_divided_by_2(projection_program_uses_to_get_female_spawning_biomass_if_divide_by_2 4 5 6 7 8 9 10 11 12 13 14 15 16 17 18 19 20 21 22 23 24 25 26 27 28
 0.0150779 0.0287548 0.0541556 0.0996914 0.176375 0.292858 0.444731 0.607681 0.749723 0.852795 0.918058 0.955884 0.976692 0.987811 0.99366 0.996712 0.998297 0.999119 0.999544 0.999764 0.999878 0.999937 0.999967 0.999983 0.999991
#_Wt_at_age_spawners 4 5 6 7 8 9 10 11 12 13 14 15 16 17 18 19 20 21 22 23 24 25 26 27 28
 204 344.8 501.5 662.9 820.5 968.7 1104.4 1226.1 1333.7 1427.6 1508.7 1578.3 1637.6 1687.9 1730.5 1766.3 1796.4 1821.6 1842.7 1860.3 1875 1887.3 1897.5 1906 1930.4
#_Wt_at_age_fishery 4 5 6 7 8 9 10 11 12 13 14 15 16 17 18 19 20 21 22 23 24 25 26 27 28
 204 344.8 501.5 662.9 820.5 968.7 1104.4 1226.1 1333.7 1427.6 1508.7 1578.3 1637.6 1687.9 1730.5 1766.3 1796.4 1821.6 1842.7 1860.3 1875 1887.3 1897.5 1906 1930.4
#_Selectivity_fishery_scaled_to_max_at_one 4 5 6 7 8 9 10 11 12 13 14 15 16 17 18 19 20 21 22 23 24 25 26 27 28
 0.000529296 0.00176062 0.00583967 0.0191875 0.0611678 0.1783 0.419505 0.70647 0.889083 0.963894 0.988878 0.996634 0.998987 0.999696 0.999909 0.999973 0.999992 0.999998 0.999999 1 1 1 1 1 1
#_Numbers_at_age_end_year 4 5 6 7 8 9 10 11 12 13 14 15 16 17 18 19 20 21 22 23 24 25 26 27 28
 2.18993 1.91554 2.2099 2.18184 1.99486 1.73636 15.609 5.07324 6.71411 6.51281 3.24645 2.41195 1.89366 1.17229 1.00134 2.09365 1.87225 1.23166 2.51252 1.82179 0.310927 2.2992 1.02309 0.291289 5.2279
#_N_recruitment_years
38
#_Recruitment_start_at_1977_yearclass=1979_for_age_2_recruits 1979 1980 1981 1982 1983 1984 1985 1986 1987 1988 1989 1990 1991 1992 1993 1994 1995 1996 1997 1998 1999 2000 2001 2002 2003 2004 2005 2006 2007 2008 2009 2010 2011 2012 2013 2014 2015 2016
 2.14803 6.74502 4.91549 4.04414 1.70578 9.09759 1.82793 3.39778 2.11767 10.2337 6.00828 18.9968 12.8637 11.1141 2.91815 7.95172 5.72603 17.4367 3.0886 9.60021 19.1873 2.31044 12.0304 14.724 6.41315 8.67967 8.64636 3.67833 3.82738 5.49886 6.23438 7.4769 13.4025 12.4116 8.50125 23.997 2.47223 2.64217
#_Spawners per recruitment (starting at 1977)
 10.1919 9.64767 9.30163 9.00266 8.64292 8.32512 8.1542 8.12626 8.45171 9.26162 10.2791 11.4071 12.1034 12.6301 13.4483 14.2791 14.3805 14.9789 16.1746 17.912 20.1287 22.2351 23.7967 24.382 25.1958 26.3607 27.4848 28.8054 30.3521 32.0996 33.6731 34.6709 35.3117 35.8954 36.0708 36.1728 35.3319 34.8036 34.4568 34.5763
