# Number of parameters = 136 Objective function value = 379.803761582411  Maximum gradient component = 6.78228038274334e-05
# steepness:
0.599550000000
# log_Rzero:
3.00000000000
# log_mean_rec:
1.04309668197
# sigr:
0.898653556403
# log_fish_sel_coffs:
 0.00000000000 0.00000000000 0.00000000000 0.00000000000 0.00000000000 0.00000000000 0.00000000000 0.00000000000
# a50:
10.0624050684
# delta:
2.46575898496
# a50_mat:
10.3365638135
# delta_mat:
0.659558256095
# log_srv1_sel_coffs:
 0.00000000000 0.00000000000 0.00000000000 0.00000000000 0.00000000000 0.00000000000 0.00000000000
# a50_srv1:
9.21933899518
# delta_srv1:
4.68704273399
# log_srv2_sel_coffs:
 0.00000000000 0.00000000000 0.00000000000 0.00000000000 0.00000000000 0.00000000000 0.00000000000
# a50_srv2:
7.30000000000
# delta_srv2:
3.80000000000
# log_avg_F:
-3.15879757492
# log_F_devs:
 -0.368340296769 -0.838667074862 -0.654861385820 -0.0948222428401 0.130353867411 0.159144417048 0.288975391090 -0.114043952108 -1.58506569316 -1.98470409915 -1.98890292171 -0.0122468086402 0.190703100200 -0.0206522565055 0.0924323548116 0.959378921211 0.896980569322 0.828451254648 0.733939704960 0.404807066476 0.344177677851 0.474730665995 0.829313582644 0.610366797015 0.368701900520 0.425144529659 0.301730871330 0.134701302335 -0.0928523788275 -0.0609353200648 0.208456523149 0.246119933330 0.0437101089062 0.0414207190785 -0.181913610025 0.259360869288 0.0588101530177 0.0504468358727 -0.0238599762189 0.150850848576 -0.0886827215135 -0.0156847186729 -0.187369712774 -0.342839980234 -0.0881141782398 -0.215774178024 0.0814626192699 -0.354338477320
# log_rec_dev:
 -0.503587587975 -0.527190463695 -0.551471472358 -0.576471179348 -0.602142407958 -0.628459650369 -0.655407046960 -0.682914379426 -0.710831212166 -0.739186468261 -0.767957011467 -0.797214715244 -0.826782202220 -0.856112182826 -0.885760803990 -0.915672099054 -0.946403212364 -0.976005866794 -0.999532171340 -1.00848293131 -0.996573462160 -0.936717857326 -0.808225651371 -0.713395283739 -0.614291096864 -0.554243294057 -0.568043585838 -0.525789117916 -0.501337037906 -0.443470202763 -0.199119808513 0.609619584836 0.757775576046 0.811005891091 0.291506496609 0.537014571571 0.151931479575 0.0862629118574 -0.223127364467 1.15168893893 0.721737940810 1.83865851120 1.48090959894 1.33393953521 0.0627910876291 0.996219745915 0.704923022824 1.77553623290 0.106203850547 1.17552592342 1.90016544013 -0.0516999229992 1.44174552144 1.64929957783 0.888071277296 1.23162704900 1.18111095483 0.424518379113 0.513790430379 0.602171080373 0.800689471428 0.939864816165 1.43936351851 1.24073600519 1.03119145765 1.82117024094 0.533446554964 0.955149490080 0.834535326077 0.797707342636 -0.259491416698 -0.165710415912 -0.319799788363 -0.170327239608 -0.115006273367 -5.47398084549e-06
# log_q_srv1:
-0.278855508725
# log_q_srv2:
0.00000000000
# cv_cpue:
0.00000000000
# logm:
-2.65926003693
# mF50:
0.0611166895947
# mF40:
0.0902905733883
# mF35:
0.110825803452
