# Number of parameters = 125 Objective function value = 386.486923287453  Maximum gradient component = 6.76747088014353e-05
# steepness:
0.599550000000
# log_Rzero:
3.00000000000
# log_mean_rec:
0.932378481057
# sigr:
1.00245928244
# log_fish_sel_coffs:
 0.00000000000 0.00000000000 0.00000000000 0.00000000000 0.00000000000 0.00000000000 0.00000000000 0.00000000000
# a50:
10.3369559364
# delta:
2.52883379665
# a50_mat:
10.3365635119
# delta_mat:
0.659558359773
# log_srv1_sel_coffs:
 0.00000000000 0.00000000000 0.00000000000 0.00000000000 0.00000000000 0.00000000000 0.00000000000
# a50_srv1:
9.17038882731
# delta_srv1:
4.59849554569
# log_srv2_sel_coffs:
 0.00000000000 0.00000000000 0.00000000000 0.00000000000 0.00000000000 0.00000000000 0.00000000000
# a50_srv2:
7.30000000000
# delta_srv2:
3.80000000000
# log_avg_F:
-3.11472168051
# log_F_devs:
 -0.374304167630 -0.833354079290 -0.643127100120 -0.0793234589569 0.154264403845 0.194610766671 0.335431042719 -0.0552901627626 -1.51871714501 -1.91349205056 -1.91789641256 0.0490422917689 0.240772251416 -0.0330129939991 0.0584828903039 0.984711834197 0.918595592820 0.853052828973 0.760257314428 0.433895703517 0.362323123332 0.476800563164 0.821862600111 0.596660068600 0.356028207825 0.412077602434 0.285101354728 0.113446756186 -0.119976298380 -0.0936429927252 0.175023623325 0.210935071130 0.00575951624465 0.000840258443841 -0.223448398272 0.217347111035 0.0159877094515 0.00534125872385 -0.0712235751419 0.0978925838724 -0.153898031618 -0.0990417908153 -0.297072965380 -0.472828494610 -0.236894423343
# log_rec_dev:
 -0.640129555959 -0.667000516003 -0.694421763877 -0.722554034641 -0.751239665934 -0.780363010522 -0.809897724255 -0.839594982007 -0.868855672637 -0.897868487303 -0.926609183124 -0.955466745493 -0.983726845175 -1.00847264858 -1.03169218345 -1.04954586334 -1.06043802063 -1.04789141332 -0.958300733532 -0.807287801734 -0.814153207964 -0.783417556572 -0.639001285687 -0.613952091835 -0.555931379893 -0.288498457463 0.587720946635 0.718553656109 0.992226391168 0.422124767042 0.814575944935 0.306005838399 0.193350137113 -0.129789783581 1.31890455127 0.829267631656 1.97554823324 1.60115390681 1.45231707635 0.155877222764 1.12643457416 0.813632755752 1.92104506693 0.223336686308 1.33769358402 2.03854771075 -0.0206404297183 1.58595087983 1.80632668868 0.990030993945 1.29349170284 1.29689400011 0.476864177071 0.533262946163 0.875764632554 1.01785379002 1.18044658089 1.74040044957 1.67386172121 1.28411277433 2.28211075753 0.177283643779 0.582448245804 0.365530770890 0.193277302620 -0.0728605174329 -0.00170754207433 -3.60222112761e-06
# log_q_srv1:
-0.387389347842
# log_q_srv2:
0.00000000000
# cv_cpue:
0.00000000000
# logm:
-2.65926003693
# mF50:
0.0624864499484
# mF40:
0.0927187817861
# mF35:
0.114154359390
