Alt Stock Year ABC OFL Catch SSB F Total_Biom
1 Model_1_goa_dr_2022.dat 2020 8.03085 9.77804 2.55641 44.9747 0.0282297 109.619
1 Model_1_goa_dr_2022.dat 2021 7.90817306 9.62769241 7.90817306 44.1882671 0.091336 107.047408
1 Model_1_goa_dr_2022.dat 2022 7.25365631 8.83052022 7.25365631 40.8269403 0.091336 99.5208219
1 Model_1_goa_dr_2022.dat 2023 6.6097066 8.0463098 6.6097066 37.4284307 0.091336 93.4293536
1 Model_1_goa_dr_2022.dat 2024 5.98503357 7.28570453 5.98503357 34.180704 0.091336 88.6847577
1 Model_1_goa_dr_2022.dat 2025 5.41316852 6.58980002 5.41316852 31.2778069 0.091336 85.1837667
1 Model_1_goa_dr_2022.dat 2026 4.94483594 6.02047822 4.94483594 28.901823 0.091336 82.8294718
1 Model_1_goa_dr_2022.dat 2027 4.62075986 5.62358346 4.62075986 27.1702679 0.0910998417 81.4477178
1 Model_1_goa_dr_2022.dat 2028 4.36013401 5.3032645 4.36013401 26.0952836 0.0886380771 80.7544871
1 Model_1_goa_dr_2022.dat 2029 4.23731889 5.15457125 4.23731889 25.5736101 0.0866907758 80.6417674
1 Model_1_goa_dr_2022.dat 2030 4.20624475 5.11729319 4.20624475 25.4057681 0.0857124759 80.7698211
1 Model_1_goa_dr_2022.dat 2031 4.21598554 5.12958659 4.21598554 25.4289482 0.0853532227 81.0541593
1 Model_1_goa_dr_2022.dat 2032 4.2438729 5.16382544 4.2438729 25.5424583 0.0853553244 81.3154536
1 Model_1_goa_dr_2022.dat 2033 4.28085419 5.20910045 4.28085419 25.6955316 0.0855113281 81.590424
2 Model_1_goa_dr_2022.dat 2020 8.03085 9.77804 2.55641 44.9747 0.0282297 109.619
2 Model_1_goa_dr_2022.dat 2021 7.90817306 9.62769241 7.90817306 44.1882671 0.091336 107.047408
2 Model_1_goa_dr_2022.dat 2022 7.25365631 8.83052022 7.25365631 40.8269403 0.091336 99.5208219
2 Model_1_goa_dr_2022.dat 2023 6.6097066 8.0463098 6.6097066 37.4284307 0.091336 93.4293536
2 Model_1_goa_dr_2022.dat 2024 5.98503357 7.28570453 5.98503357 34.180704 0.091336 88.6847577
2 Model_1_goa_dr_2022.dat 2025 5.41316852 6.58980002 5.41316852 31.2778069 0.091336 85.1837667
2 Model_1_goa_dr_2022.dat 2026 4.94483594 6.02047822 4.94483594 28.901823 0.091336 82.8294718
2 Model_1_goa_dr_2022.dat 2027 4.62075986 5.62358346 4.62075986 27.1702679 0.0910998417 81.4477178
2 Model_1_goa_dr_2022.dat 2028 4.36013401 5.3032645 4.36013401 26.0952836 0.0886380771 80.7544871
2 Model_1_goa_dr_2022.dat 2029 4.23731889 5.15457125 4.23731889 25.5736101 0.0866907758 80.6417674
2 Model_1_goa_dr_2022.dat 2030 4.20624475 5.11729319 4.20624475 25.4057681 0.0857124759 80.7698211
2 Model_1_goa_dr_2022.dat 2031 4.21598554 5.12958659 4.21598554 25.4289482 0.0853532227 81.0541593
2 Model_1_goa_dr_2022.dat 2032 4.2438729 5.16382544 4.2438729 25.5424583 0.0853553244 81.3154536
2 Model_1_goa_dr_2022.dat 2033 4.28085419 5.20910045 4.28085419 25.6955316 0.0855113281 81.590424
3 Model_1_goa_dr_2022.dat 2020 4.10188 9.77804 2.55641 44.9747 0.0282297 109.619
3 Model_1_goa_dr_2022.dat 2021 4.04012563 9.62769241 4.04012563 44.5119134 0.045668 107.047408
3 Model_1_goa_dr_2022.dat 2022 3.86908253 9.21872028 3.86908253 42.9289774 0.045668 103.3699993
3 Model_1_goa_dr_2022.dat 2023 3.67735688 8.76074087 3.67735688 41.0429221 0.045668 100.4735462
3 Model_1_goa_dr_2022.dat 2024 3.46983464 8.26555843 3.46983464 39.0336791 0.045668 98.310117
3 Model_1_goa_dr_2022.dat 2025 3.26476379 7.77756496 3.26476379 37.1060512 0.045668 96.8301151
3 Model_1_goa_dr_2022.dat 2026 3.09048124 7.3647313 3.09048124 35.4667377 0.045668 96.0099109
3 Model_1_goa_dr_2022.dat 2027 2.97737013 7.09909922 2.97737013 34.2717755 0.045668 95.7712158
3 Model_1_goa_dr_2022.dat 2028 2.93438963 6.99984095 2.93438963 33.579658 0.045668 95.9428151
3 Model_1_goa_dr_2022.dat 2029 2.93732205 7.00825162 2.93732205 33.3145332 0.045668 96.4318643
3 Model_1_goa_dr_2022.dat 2030 2.95997086 7.06252093 2.95997086 33.3389437 0.045668 97.0073224
3 Model_1_goa_dr_2022.dat 2031 2.98790714 7.12894136 2.98790714 33.5315661 0.0456678843 97.6689096
3 Model_1_goa_dr_2022.dat 2032 3.0162701 7.19637527 3.0162701 33.8079053 0.0456647524 98.2765976
3 Model_1_goa_dr_2022.dat 2033 3.04556369 7.26615418 3.04556369 34.1221577 0.0456580182 98.885503
4 Model_1_goa_dr_2022.dat 2020 2.74751 9.77804 2.55641 44.9747 0.0282297 109.619
4 Model_1_goa_dr_2022.dat 2021 2.70634431 9.62769241 2.70634431 44.6208668 0.0303705 107.047408
4 Model_1_goa_dr_2022.dat 2022 2.62954034 9.35265147 2.62954034 43.6578409 0.0303705 104.697623
4 Model_1_goa_dr_2022.dat 2023 2.53491215 9.01452611 2.53491215 42.333434 0.0303705 102.9748502
4 Model_1_goa_dr_2022.dat 2024 2.42534878 8.62380378 2.42534878 40.8171685 0.0303705 101.8277147
4 Model_1_goa_dr_2022.dat 2025 2.31287046 8.22438193 2.31287046 39.3099373 0.0303705 101.2090277
4 Model_1_goa_dr_2022.dat 2026 2.21659779 7.88484062 2.21659779 38.0198989 0.0303705 101.1059623
4 Model_1_goa_dr_2022.dat 2027 2.15743458 7.67911594 2.15743458 37.1105781 0.0303705 101.46086
4 Model_1_goa_dr_2022.dat 2028 2.14258869 7.63016972 2.14258869 36.6561402 0.0303705 102.1359479
4 Model_1_goa_dr_2022.dat 2029 2.15704237 7.68331624 2.15704237 36.5986955 0.0303705 103.0709263
4 Model_1_goa_dr_2022.dat 2030 2.18387639 7.77910905 2.18387639 36.8143121 0.0303705 104.0559856
4 Model_1_goa_dr_2022.dat 2031 2.2136693 7.88488336 2.2136693 37.1889902 0.0303705 105.102246
4 Model_1_goa_dr_2022.dat 2032 2.24327873 7.99004406 2.24327873 37.6400971 0.0303705 106.0735958
4 Model_1_goa_dr_2022.dat 2033 2.27304873 8.09593461 2.27304873 38.1215333 0.0303705 107.0265069
5 Model_1_goa_dr_2022.dat 2020 0 9.77804 2.55641 44.9747 0.0282297 109.619
5 Model_1_goa_dr_2022.dat 2021 0 9.62769241 0 44.8379829 0 107.047408
5 Model_1_goa_dr_2022.dat 2022 0 9.62451704 0 45.1429661 0 107.392085
5 Model_1_goa_dr_2022.dat 2023 0 9.54121123 0 45.0220466 0 108.164367
5 Model_1_goa_dr_2022.dat 2024 0 9.3838387 0 44.6159257 0 109.288077
5 Model_1_goa_dr_2022.dat 2025 0 9.19339241 0 44.10865 0 110.7021296
5 Model_1_goa_dr_2022.dat 2026 0 9.03775332 0 43.7020897 0 112.3966984
5 Model_1_goa_dr_2022.dat 2027 0 8.99285997 0 43.5660944 0 114.3382502
5 Model_1_goa_dr_2022.dat 2028 0 9.08784097 0 43.7993285 0 116.4423553
5 Model_1_goa_dr_2022.dat 2029 0 9.27510813 0 44.3752008 0 118.7046608
5 Model_1_goa_dr_2022.dat 2030 0 9.49944409 0 45.1945549 0 120.9526021
5 Model_1_goa_dr_2022.dat 2031 0 9.72998656 0 46.1572644 0 123.2178391
5 Model_1_goa_dr_2022.dat 2032 0 9.95630371 0 47.1837601 0 125.3700548
5 Model_1_goa_dr_2022.dat 2033 0 10.17954231 0 48.2266217 0 127.4666012
6 Model_1_goa_dr_2022.dat 2020 9.77804 9.77804 2.55641 44.9747 0.0282297 109.619
6 Model_1_goa_dr_2022.dat 2021 9.62769241 9.62769241 9.62769241 44.0405497 0.112293 107.047408
6 Model_1_goa_dr_2022.dat 2022 8.65805188 8.65805188 8.65805188 39.8982046 0.112293 97.8102328
6 Model_1_goa_dr_2022.dat 2023 7.73899322 7.73899322 7.73899322 35.8824131 0.112293 90.3978766
6 Model_1_goa_dr_2022.dat 2024 6.87754156 6.87754156 6.87754156 32.1708688 0.112293 84.6731666
6 Model_1_goa_dr_2022.dat 2025 6.11062625 6.11062625 6.11062625 28.9403355 0.112293 80.4823842
6 Model_1_goa_dr_2022.dat 2026 5.45696719 5.45696719 5.45696719 26.3547498 0.111458533 77.6739936
6 Model_1_goa_dr_2022.dat 2027 4.75772115 4.75772115 4.75772115 24.5409066 0.1044033626 76.051644
6 Model_1_goa_dr_2022.dat 2028 4.42004165 4.42004165 4.42004165 23.5467936 0.0998634732 75.5039923
6 Model_1_goa_dr_2022.dat 2029 4.32076774 4.32076774 4.32076774 23.1331065 0.0978125664 75.6078009
6 Model_1_goa_dr_2022.dat 2030 4.33036907 4.33036907 4.33036907 23.0555909 0.09722107 75.9181555
6 Model_1_goa_dr_2022.dat 2031 4.3784946 4.3784946 4.3784946 23.1434135 0.0973555584 76.3327138
6 Model_1_goa_dr_2022.dat 2032 4.4362646 4.4362646 4.4362646 23.2979911 0.0977928848 76.6760879
6 Model_1_goa_dr_2022.dat 2033 4.49865186 4.49865186 4.49865186 23.4735732 0.0983596971 76.9956688
7 Model_1_goa_dr_2022.dat 2020 9.77804 9.77804 2.55641 44.9747 0.0282297 109.619
7 Model_1_goa_dr_2022.dat 2021 9.62769241 9.62769241 7.90817306 44.1882671 0.091336 107.047408
7 Model_1_goa_dr_2022.dat 2022 8.83052022 8.83052022 7.25365631 40.8269403 0.091336 99.5208219
7 Model_1_goa_dr_2022.dat 2023 8.0463098 8.0463098 8.0463098 37.3024983 0.112293 93.4293536
7 Model_1_goa_dr_2022.dat 2024 7.14177081 7.14177081 7.14177081 33.3999976 0.112293 87.2621495
7 Model_1_goa_dr_2022.dat 2025 6.33599849 6.33599849 6.33599849 29.9944701 0.112293 82.6834821
7 Model_1_goa_dr_2022.dat 2026 5.68630217 5.68630217 5.68630217 27.2492606 0.112291664 79.5387721
7 Model_1_goa_dr_2022.dat 2027 5.03250661 5.03250661 5.03250661 25.2742394 0.1072856296 77.5891184
7 Model_1_goa_dr_2022.dat 2028 4.62790402 4.62790402 4.62790402 24.1143474 0.1021851995 76.6833231
7 Model_1_goa_dr_2022.dat 2029 4.47683175 4.47683175 4.47683175 23.5720311 0.0995724372 76.5113892
7 Model_1_goa_dr_2022.dat 2030 4.4484658 4.4484658 4.4484658 23.39448 0.0985444502 76.6104404
7 Model_1_goa_dr_2022.dat 2031 4.46798184 4.46798184 4.46798184 23.4040774 0.0983458604 76.8622042
7 Model_1_goa_dr_2022.dat 2032 4.5038474 4.5038474 4.5038474 23.4976463 0.0985282972 77.080134
7 Model_1_goa_dr_2022.dat 2033 4.54955796 4.54955796 4.54955796 23.6259611 0.0989020599 77.3033718
