#Species name here:
Model_1_goa_dr_2022.dat
#SSL Species?
0
#Constant buffer of Dorn?
0
#Number of fisheries?
1
#Number of sexes?
1
#5year_Average_F(endyr-4,endyr_as_estimated_by_ADmodel)
0.0427392
#_Author_F_as_fraction_F_40%
1
#ABC SPR
0.4
#MSY SPR
0.35
#_Spawn_month
3
#_Number_of_ages
25
#_F_ratio(must_sum_to_one_only_one_fishery)
1
#_Natural_Mortality 4 5 6 7 8 9 10 11 12 13 14 15 16 17 18 19 20 21 22 23 24 25 26 27 28
 0.07 0.07 0.07 0.07 0.07 0.07 0.07 0.07 0.07 0.07 0.07 0.07 0.07 0.07 0.07 0.07 0.07 0.07 0.07 0.07 0.07 0.07 0.07 0.07 0.07
#_Maturity_divided_by_2(projection_program_uses_to_get_female_spawning_biomass_if_divide_by_2 4 5 6 7 8 9 10 11 12 13 14 15 16 17 18 19 20 21 22 23 24 25 26 27 28
 0.0150779 0.0287548 0.0541556 0.0996914 0.176375 0.292858 0.444731 0.607681 0.749723 0.852795 0.918058 0.955884 0.976692 0.987811 0.99366 0.996712 0.998297 0.999119 0.999544 0.999764 0.999878 0.999937 0.999967 0.999983 0.999991
#_Wt_at_age_spawners 4 5 6 7 8 9 10 11 12 13 14 15 16 17 18 19 20 21 22 23 24 25 26 27 28
 204.2 343.9 499.6 660.1 817.1 965.1 1101 1223.2 1331.4 1426.1 1508.2 1578.7 1639 1690.3 1733.7 1770.3 1801.2 1827.1 1848.9 1867.1 1882.3 1895 1905.6 1914.5 1940.2
#_Wt_at_age_fishery 4 5 6 7 8 9 10 11 12 13 14 15 16 17 18 19 20 21 22 23 24 25 26 27 28
 204.2 343.9 499.6 660.1 817.1 965.1 1101 1223.2 1331.4 1426.1 1508.2 1578.7 1639 1690.3 1733.7 1770.3 1801.2 1827.1 1848.9 1867.1 1882.3 1895 1905.6 1914.5 1940.2
#_Selectivity_fishery_scaled_to_max_at_one 4 5 6 7 8 9 10 11 12 13 14 15 16 17 18 19 20 21 22 23 24 25 26 27 28
 0.000559244 0.0018319 0.00598338 0.0193605 0.0608154 0.175177 0.410579 0.695557 0.882262 0.960903 0.987747 0.996232 0.998848 0.999649 0.999893 0.999967 0.99999 0.999997 0.999999 1 1 1 1 1 1
#_Numbers_at_age_end_year 4 5 6 7 8 9 10 11 12 13 14 15 16 17 18 19 20 21 22 23 24 25 26 27 28
 2.42722 2.25766 1.8986 1.81324 1.60891 16.8405 4.05036 5.27888 6.68626 3.80949 2.66152 2.13578 1.17476 1.04946 2.38231 2.14274 1.44488 2.90865 2.10889 0.378558 2.64087 1.16439 0.338463 1.63183 4.2474
#_N_recruitment_years
37
#_Recruitment_start_at_1977_yearclass=1979_for_age_2_recruits 1979 1980 1981 1982 1983 1984 1985 1986 1987 1988 1989 1990 1991 1992 1993 1994 1995 1996 1997 1998 1999 2000 2001 2002 2003 2004 2005 2006 2007 2008 2009 2010 2011 2012 2013 2014 2015
 1.89011 4.66529 5.30825 7.2529 3.96701 6.1562 3.57672 3.12706 2.20465 9.55839 5.84087 18.4399 12.6514 10.9285 2.95883 7.90277 5.75045 17.4695 3.18753 9.70839 19.5905 2.50174 12.3951 15.1882 6.7118 8.87209 8.79625 3.45051 3.43708 5.5646 6.18041 7.8958 12.4235 8.87202 6.23518 23.9895 2.13135
#_Spawners per recruitment (starting at 1977)
 11.7827 11.156 10.7196 10.3087 9.8078 9.3242 8.96865 8.74156 8.91306 9.60471 10.5934 11.8042 12.7261 13.5183 14.3808 15.1725 15.2065 15.7073 16.7702 18.3624 20.4543 22.4576 23.9444 24.4674 25.2511 26.4178 27.5653 28.938 30.5588 32.4001 34.0799 35.1988 35.9578 36.6279 36.8582 36.9646 36.0875 35.4888 35.0216
