# Number of parameters = 131 Objective function value = 353.220924696803  Maximum gradient component = 2.35054565221942e-07
# steepness:
0.599550000000
# log_Rzero:
3.00000000000
# log_mean_rec:
0.968057283606
# sigr:
0.955817359138
# log_fish_sel_coffs:
 0.00000000000 0.00000000000 0.00000000000 0.00000000000 0.00000000000 0.00000000000 0.00000000000 0.00000000000
# a50:
10.3023436082
# delta:
2.49368502617
# a50_mat:
10.3365635666
# delta_mat:
0.659558341290
# log_srv1_sel_coffs:
 0.00000000000 0.00000000000 0.00000000000 0.00000000000 0.00000000000 0.00000000000 0.00000000000
# a50_srv1:
9.13512926582
# delta_srv1:
4.55922532737
# log_srv2_sel_coffs:
 0.00000000000 0.00000000000 0.00000000000 0.00000000000 0.00000000000 0.00000000000 0.00000000000
# a50_srv2:
7.30000000000
# delta_srv2:
3.80000000000
# log_avg_F:
-3.08759220169
# log_F_devs:
 -0.354233299842 -0.823847876479 -0.640247856453 -0.0815085341959 0.143338606843 0.172984325870 0.303432130774 -0.0966826922562 -1.56568729855 -1.96726445250 -1.97684402110 -0.0180833114255 0.173893291499 -0.0429644957468 0.0610719553214 0.925957708934 0.867366226349 0.810088396339 0.727628766621 0.407880020167 0.345981216706 0.469451697752 0.818940068543 0.600165750977 0.361260023587 0.419833200127 0.294376774448 0.126143615284 -0.100813644929 -0.0721078721636 0.196951079405 0.235553522490 0.0323963416782 0.0306476712885 -0.190834505558 0.252986855020 0.0566616345400 0.0505624980710 -0.0229064597316 0.146802599772 -0.107187188737 -0.0576001192869 -0.259154042579 -0.442735243086 -0.211653063761
# log_rec_dev:
 -0.525968609654 -0.550232615736 -0.575172888587 -0.600829209202 -0.627155185817 -0.654115145371 -0.681694576692 -0.709820543662 -0.738327053298 -0.767246749647 -0.796557425543 -0.826335983708 -0.856390652712 -0.886180253919 -0.916195679631 -0.946393670188 -0.977397815514 -1.00712081411 -1.03000542106 -1.03667792019 -1.02070855167 -0.952619039198 -0.806948000922 -0.699792085381 -0.592905959477 -0.530605072934 -0.551421479228 -0.506769713179 -0.479071409112 -0.414959432622 -0.166865451709 0.706979277825 0.838180369755 0.926313857929 0.370001309794 0.681210162714 0.243275084003 0.147166708850 -0.202763663646 1.21216435691 0.767738656396 1.88355066394 1.51833751372 1.37197915039 0.0859309249242 1.04114029022 0.751045836487 1.83786998582 0.155439703052 1.25752538802 1.95293931223 -0.0791493415227 1.49677932599 1.71568714297 0.893039787073 1.20015947828 1.19305367146 0.359706630690 0.395687359091 0.763606981964 0.897388478103 1.09105987188 1.68263347838 1.61725323919 1.23551635227 2.29501381358 0.0955029812514 0.130437132748 0.143614011967 0.102359811904 -0.0664234443202 0.00151696648983 0.000524853057264
# log_q_srv1:
-0.264842286201
# log_q_srv2:
0.00000000000
# cv_cpue:
0.00000000000
# logm:
-2.65926003693
# mF50:
0.0626963902253
# mF40:
0.0930839456880
# mF35:
0.114643506170
