# Number of parameters = 121 Objective function value = 317.240524723681  Maximum gradient component = 2.38739419227960e-07
# steepness:
0.599550000000
# log_Rzero:
3.00000000000
# log_mean_rec:
0.919036628551
# sigr:
0.898755779211
# log_fish_sel_coffs:
 0.00000000000 0.00000000000 0.00000000000 0.00000000000 0.00000000000 0.00000000000 0.00000000000 0.00000000000
# a50:
10.3033067895
# delta:
2.45256097514
# a50_mat:
10.3365635666
# delta_mat:
0.659558341260
# log_srv1_sel_coffs:
 0.00000000000 0.00000000000 0.00000000000 0.00000000000 0.00000000000 0.00000000000 0.00000000000
# a50_srv1:
8.48795594054
# delta_srv1:
4.70245480257
# log_srv2_sel_coffs:
 0.00000000000 0.00000000000 0.00000000000 0.00000000000 0.00000000000 0.00000000000 0.00000000000
# a50_srv2:
7.30000000000
# delta_srv2:
3.80000000000
# log_avg_F:
-3.15264838074
# log_F_devs:
 -0.341026047799 -0.806898484293 -0.625991322377 -0.0754750278832 0.143085051392 0.169527573764 0.293829868345 -0.101090136042 -1.56134646499 -1.96432327495 -1.97715225571 -0.0306625473058 0.153936011711 -0.0373367413381 0.0646957800225 0.899050213135 0.836455845546 0.774264772064 0.688974905889 0.368805528768 0.305703017168 0.426348866035 0.772465889648 0.547735223685 0.308732047895 0.363607943109 0.234970359107 0.0634703558426 -0.166058052794 -0.139238229986 0.129044526953 0.165562249600 -0.0356332942425 -0.0343433636877 -0.248395456262 0.203377712130 0.0186192844512 0.0302462261292 -0.0164765294125 0.198937976153
# log_rec_dev:
 -0.447142815450 -0.468927081112 -0.491392671606 -0.514581774770 -0.538453618886 -0.562977161001 -0.588142087826 -0.613880321591 -0.640035638282 -0.666642257386 -0.693681131562 -0.721226722182 -0.749098014772 -0.776838761146 -0.804795616769 -0.832973919436 -0.862035352838 -0.890089381553 -0.912284010917 -0.919750435330 -0.905272966346 -0.840371560625 -0.701809800899 -0.598144802540 -0.493079813632 -0.430641239884 -0.446465088714 -0.398361957378 -0.364952348262 -0.297907521708 -0.0555897054035 0.844233183575 0.986048359862 1.09132841206 0.489172178064 0.845169242649 0.382429636991 0.262419354525 -0.100659867472 1.32736188289 0.876227082190 2.00673921267 1.64872464620 1.51295356206 0.198986643815 1.18088432647 0.873729020769 1.98194557237 0.311018981115 1.41182812448 2.11430345069 0.0277010021636 1.63777857110 1.86043311575 0.983247337822 1.25931820762 1.19877013632 0.106577302626 0.000794268854678 0.640734133681 0.436174788625 0.690246634815 0.201470738738 -0.125663641321 -0.158978994457 0.0434538492968 -0.172250098130 2.70722120632e-06
# log_q_srv1:
-0.446678535490
# log_q_srv2:
0.00000000000
# cv_cpue:
0.00000000000
# logm:
-2.65926003693
# mF50:
0.0627167781581
# mF40:
0.0931263188145
# mF35:
0.114707613223
