# Number of parameters = 129 Objective function value = 356.013598795921  Maximum gradient component = 1.41378789423751e-05
# steepness:
0.599550000000
# log_Rzero:
3.00000000000
# log_mean_rec:
0.960347515287
# sigr:
0.964718946723
# log_fish_sel_coffs:
 0.00000000000 0.00000000000 0.00000000000 0.00000000000 0.00000000000 0.00000000000 0.00000000000 0.00000000000
# a50:
10.2997188000
# delta:
2.49349387302
# a50_mat:
10.3365635671
# delta_mat:
0.659558340791
# log_srv1_sel_coffs:
 0.00000000000 0.00000000000 0.00000000000 0.00000000000 0.00000000000 0.00000000000 0.00000000000
# a50_srv1:
9.12676080298
# delta_srv1:
4.56038423172
# log_srv2_sel_coffs:
 0.00000000000 0.00000000000 0.00000000000 0.00000000000 0.00000000000 0.00000000000 0.00000000000
# a50_srv2:
7.30000000000
# delta_srv2:
3.80000000000
# log_avg_F:
-3.07875024577
# log_F_devs:
 -0.354643416405 -0.824039138846 -0.640708828271 -0.0828056535840 0.141424320594 0.170836521676 0.300712689506 -0.0986651116746 -1.56673584871 -1.96887284745 -1.97923624190 -0.0236049679498 0.167321317103 -0.0487962563717 0.0548357349741 0.918679316099 0.860151371117 0.802695332220 0.719984959448 0.400113275145 0.338105179956 0.461588586200 0.811185084669 0.592535054572 0.353751391426 0.412375833793 0.287091355581 0.118979798702 -0.107795403230 -0.0789299690230 0.190409488184 0.229218227985 0.0263255816195 0.0248116547312 -0.196425584430 0.247742322780 0.0517854202921 0.0459723466703 -0.0270604850718 0.143136483630 -0.110274092873 -0.0599240478250 -0.260395536748 -0.442855138862
# log_rec_dev:
 -0.528522867923 -0.552860752933 -0.577873655133 -0.603601622150 -0.629999288002 -0.657029987050 -0.684677391150 -0.712869428382 -0.741437512890 -0.770414936539 -0.799779203776 -0.829608191133 -0.859707710643 -0.889535431040 -0.919584124192 -0.949817469987 -0.980864320899 -1.01060368229 -1.03338793453 -1.03971619711 -1.02315287167 -0.953880134569 -0.805689623842 -0.696657540842 -0.588088661574 -0.524654483327 -0.546154358505 -0.500938513605 -0.473234823522 -0.409445730943 -0.162232300702 0.719243529444 0.846693529245 0.938701228777 0.375407214488 0.691590354567 0.249521046009 0.155925639773 -0.199569492117 1.22081971145 0.774579570672 1.89097546066 1.52540440935 1.37953679342 0.0904578249067 1.04834208283 0.756969474184 1.84429357446 0.160074734364 1.26342968001 1.95874047027 -0.0767359045283 1.50212287365 1.72032369113 0.897412265893 1.20413079186 1.19675647085 0.362463396560 0.398031296058 0.765662033757 0.898612028528 1.09152054941 1.68177957845 1.61444980325 1.23275165583 2.28383674229 0.0849595846394 0.117817197877 0.133764455434 0.0962595385923 -0.0712754855753 -6.80010695220e-06
# log_q_srv1:
-0.265628102228
# log_q_srv2:
0.00000000000
# cv_cpue:
0.00000000000
# logm:
-2.65926003693
# mF50:
0.0626786618721
# mF40:
0.0930524101108
# mF35:
0.114600237550
