# Number of parameters = 135 Objective function value = 373.601008926135  Maximum gradient component = 1.09007419370243e-08
# steepness:
0.599550000000
# log_Rzero:
3.00000000000
# log_mean_rec:
1.01370595022
# sigr:
0.918813348431
# log_fish_sel_coffs:
 0.00000000000 0.00000000000 0.00000000000 0.00000000000 0.00000000000 0.00000000000 0.00000000000 0.00000000000
# a50:
10.1932809668
# delta:
2.51406237430
# a50_mat:
10.3365635668
# delta_mat:
0.659558341263
# log_srv1_sel_coffs:
 0.00000000000 0.00000000000 0.00000000000 0.00000000000 0.00000000000 0.00000000000 0.00000000000
# a50_srv1:
9.18412196147
# delta_srv1:
4.73271754575
# log_srv2_sel_coffs:
 0.00000000000 0.00000000000 0.00000000000 0.00000000000 0.00000000000 0.00000000000 0.00000000000
# a50_srv2:
7.30000000000
# delta_srv2:
3.80000000000
# log_avg_F:
-3.13114005911
# log_F_devs:
 -0.358286118337 -0.828938562305 -0.644620424857 -0.0832312521597 0.143274495174 0.173023093924 0.304349055479 -0.0993793850852 -1.57229666790 -1.97292906492 -1.97965555773 -0.00817044956588 0.189174865846 -0.0254669459373 0.0820670618578 0.940369535291 0.878057598907 0.814602620857 0.726450301257 0.402839110020 0.342567407155 0.469697317497 0.821029997554 0.600895185251 0.360087749430 0.417418890088 0.292760668906 0.124997038539 -0.101972878866 -0.0711850104689 0.198493094126 0.237238047647 0.0349094841074 0.0326613181350 -0.190144937804 0.251157764515 0.0504029463508 0.0404806624105 -0.0361183434083 0.134760244959 -0.110781730214 -0.0452049074230 -0.225006291184 -0.385310630176 -0.132605539437 -0.251772759193 0.0593119016997
# log_rec_dev:
 -0.516465490737 -0.540456015531 -0.565125750286 -0.590511415456 -0.616569723611 -0.643267261190 -0.670589933775 -0.698469341809 -0.726748711568 -0.755457405033 -0.784573303578 -0.814169198550 -0.844062999844 -0.873722325432 -0.903626303287 -0.933698762925 -0.964545757725 -0.994217998608 -1.01753728141 -1.02566765450 -1.01231249969 -0.949564904847 -0.815251539291 -0.716470383869 -0.615500936332 -0.555382761044 -0.571359898447 -0.527749094947 -0.500322568003 -0.437244885473 -0.188671537465 0.648086226171 0.796161499306 0.876671557423 0.347371172502 0.634423925673 0.219339344697 0.121058987673 -0.211889725176 1.17851198035 0.744071429087 1.86005945257 1.49906801749 1.35243923754 0.0758233406435 1.02321425942 0.732703556127 1.80667741830 0.133398174224 1.21993986955 1.92637152463 -0.0673504309984 1.45512850584 1.68105155802 0.894831343040 1.22754536852 1.17893253240 0.425715214737 0.540647972117 0.699198896747 0.898957137522 1.02474257906 1.54748849690 1.36651924849 1.10046798454 1.97064526082 0.107007840557 0.722818972327 0.212919059487 0.643816244262 -0.173239370865 0.00881453604693 -0.136643695482 -0.00130195913718 -0.000457861670951
# log_q_srv1:
-0.281711218509
# log_q_srv2:
0.00000000000
# cv_cpue:
0.00000000000
# logm:
-2.65926003693
# mF50:
0.0619584648630
# mF40:
0.0917707493513
# mF35:
0.112840894337
