# Number of parameters = 127 Objective function value = 344.595378308115  Maximum gradient component = 2.44817538632610e-05
# steepness:
0.599550000000
# log_Rzero:
3.00000000000
# log_mean_rec:
0.989682891349
# sigr:
0.978501519278
# log_fish_sel_coffs:
 0.00000000000 0.00000000000 0.00000000000 0.00000000000 0.00000000000 0.00000000000 0.00000000000 0.00000000000
# a50:
10.3425030551
# delta:
2.44296420441
# a50_mat:
10.3365635325
# delta_mat:
0.659558355393
# log_srv1_sel_coffs:
 0.00000000000 0.00000000000 0.00000000000 0.00000000000 0.00000000000 0.00000000000 0.00000000000
# a50_srv1:
8.86746687254
# delta_srv1:
4.51250319028
# log_srv2_sel_coffs:
 0.00000000000 0.00000000000 0.00000000000 0.00000000000 0.00000000000 0.00000000000 0.00000000000
# a50_srv2:
7.30000000000
# delta_srv2:
3.80000000000
# log_avg_F:
-3.17610407327
# log_F_devs:
 -0.330814192992 -0.795688820207 -0.613412142753 -0.0608063033964 0.159676899180 0.187619203524 0.314300594425 -0.0808313856641 -1.54270918412 -1.94429519264 -1.95573938343 -6.38023561237e-05 0.188105136075 -0.00980538220119 0.0933133156415 0.936899847432 0.873696745460 0.812950449668 0.728534694565 0.407218225361 0.342851968646 0.462125410351 0.807084457781 0.581189529273 0.339212330255 0.393104117295 0.261973070227 0.0889673113189 -0.143300531829 -0.119150072953 0.145077350244 0.178150898022 -0.0288393130826 -0.0336447167180 -0.256166380995 0.185034981213 -0.0139443181418 -0.0203830603468 -0.0950330317605 0.0767481257998 -0.167124286938 -0.0940577338931 -0.258025387773
# log_rec_dev:
 -0.531170202775 -0.555591720742 -0.580690648372 -0.606510498724 -0.633003178260 -0.660132730074 -0.687885733765 -0.716186895664 -0.744866176798 -0.773960764635 -0.803452484494 -0.833424216753 -0.863681562043 -0.893722304201 -0.923928097562 -0.954259154930 -0.985432513766 -1.01533094751 -1.03817543991 -1.04422364623 -1.02704973457 -0.956180380814 -0.804411177776 -0.693159851076 -0.582931472073 -0.519062993583 -0.541078148092 -0.492390402859 -0.460907910157 -0.393834867577 -0.145612608210 0.761387573059 0.889634797572 1.00097328319 0.419931885182 0.775695302511 0.313183872071 0.192080501590 -0.181997109346 1.25883852501 0.813537443824 1.93517904265 1.57290237720 1.43547159822 0.139753065577 1.12091979152 0.822266681132 1.92386669497 0.239190566021 1.35393127494 2.06228333379 -0.00473686373648 1.60586899364 1.82749362648 0.972203563871 1.28062709547 1.29595884841 0.265689159598 0.387660520104 0.901955409922 0.909230895852 1.23923563921 1.70328885382 1.29773531772 0.534317317003 2.02338588542 -0.149325782838 0.0195633312396 -0.0583184867049 0.0192800100435 0.00652671938618
# log_q_srv1:
-0.404953575648
# log_q_srv2:
0.00000000000
# cv_cpue:
0.00000000000
# logm:
-2.65926003693
# mF50:
0.0629872808055
# mF40:
0.0936100211341
# mF35:
0.115373813177
