# Number of parameters = 133 Objective function value = 376.477477258941  Maximum gradient component = 6.34610573427518e-05
# steepness:
0.599550000000
# log_Rzero:
3.00000000000
# log_mean_rec:
1.01101313500
# sigr:
0.932939496332
# log_fish_sel_coffs:
 0.00000000000 0.00000000000 0.00000000000 0.00000000000 0.00000000000 0.00000000000 0.00000000000 0.00000000000
# a50:
10.1964707066
# delta:
2.51454157614
# a50_mat:
10.3365635606
# delta_mat:
0.659558344236
# log_srv1_sel_coffs:
 0.00000000000 0.00000000000 0.00000000000 0.00000000000 0.00000000000 0.00000000000 0.00000000000
# a50_srv1:
9.19747297829
# delta_srv1:
4.74067981136
# log_srv2_sel_coffs:
 0.00000000000 0.00000000000 0.00000000000 0.00000000000 0.00000000000 0.00000000000 0.00000000000
# a50_srv2:
7.30000000000
# delta_srv2:
3.80000000000
# log_avg_F:
-3.13764675840
# log_F_devs:
 -0.353515507440 -0.823217007398 -0.639224462501 -0.0792815594053 0.146247687359 0.175735513211 0.306273904749 -0.0960566006857 -1.56728148996 -1.96817355127 -1.97542310628 -0.00597984578239 0.190691813425 -0.0223330877501 0.0851500249309 0.945277032784 0.882808095052 0.819154819588 0.730792486800 0.406970126332 0.346474443843 0.473340688261 0.824475132738 0.603940205648 0.362838810914 0.419965336254 0.294995072752 0.126943888256 -0.100360959085 -0.0698207905501 0.199559954443 0.237970230509 0.0352212676655 0.0326163710076 -0.190589756065 0.250358705186 0.0489915222621 0.0386369403188 -0.0385710653841 0.131746569649 -0.114515483704 -0.0496767557226 -0.230539932391 -0.391741008807 -0.140368965156 -0.260505782423
# log_rec_dev:
 -0.523255179232 -0.547445050978 -0.572320258871 -0.597907177169 -0.624164740059 -0.651063429954 -0.678586019832 -0.706657660148 -0.735128713578 -0.764023346988 -0.793319631430 -0.823095678212 -0.853164102173 -0.882991624618 -0.913055384335 -0.943295882506 -0.974318586336 -1.00413802046 -1.02741990884 -1.03515320572 -1.02104855989 -0.956711814152 -0.819066229175 -0.718094896590 -0.615244346800 -0.554083467196 -0.571106270877 -0.526677573551 -0.499137273051 -0.436327757203 -0.188125619168 0.658095813301 0.800924060277 0.885910451837 0.349510355331 0.642675066756 0.222445469804 0.126912692679 -0.212325018607 1.18551808778 0.749166126986 1.86585579709 1.50474287326 1.35901550053 0.0788411081124 1.03053644614 0.739135272802 1.81423579844 0.138342790247 1.22818279508 1.93483603288 -0.0640132514392 1.46469778309 1.69033749904 0.904669669766 1.23786838396 1.18997128284 0.436292337073 0.552601716048 0.711865703217 0.912478708576 1.03929634378 1.56314038304 1.38388346369 1.11819281218 1.99349215890 0.120026383446 0.753199574540 0.233369625312 0.677163974713 -0.165759336140 0.0182991942231 -0.135657575580 -4.89994103425e-06
# log_q_srv1:
-0.284914457178
# log_q_srv2:
0.00000000000
# cv_cpue:
0.00000000000
# logm:
-2.65926003693
# mF50:
0.0619794535650
# mF40:
0.0918078670284
# mF35:
0.112891611892
