# Number of parameters = 125 Objective function value = 339.823722051616  Maximum gradient component = 1.13368881945567e-07
# steepness:
0.599550000000
# log_Rzero:
3.00000000000
# log_mean_rec:
0.935150750224
# sigr:
0.923170437349
# log_fish_sel_coffs:
 0.00000000000 0.00000000000 0.00000000000 0.00000000000 0.00000000000 0.00000000000 0.00000000000 0.00000000000
# a50:
10.3097478509
# delta:
2.45636518181
# a50_mat:
10.3365635666
# delta_mat:
0.659558341284
# log_srv1_sel_coffs:
 0.00000000000 0.00000000000 0.00000000000 0.00000000000 0.00000000000 0.00000000000 0.00000000000
# a50_srv1:
8.74242102691
# delta_srv1:
4.55355386129
# log_srv2_sel_coffs:
 0.00000000000 0.00000000000 0.00000000000 0.00000000000 0.00000000000 0.00000000000 0.00000000000
# a50_srv2:
7.30000000000
# delta_srv2:
3.80000000000
# log_avg_F:
-3.07871458324
# log_F_devs:
 -0.356232049598 -0.826178607918 -0.643196802095 -0.0854889077704 0.138394854806 0.167294310908 0.296586754731 -0.103413653771 -1.57187318815 -1.97499423336 -1.98727177840 -0.0360317596041 0.150659832057 -0.0583543871942 0.0420117844957 0.883318381853 0.823065329131 0.764771936122 0.682423805384 0.363833699765 0.301815971301 0.424399809967 0.773048423229 0.553183895476 0.315831584873 0.373673945121 0.248066720406 0.0798387591386 -0.146514141053 -0.117749094144 0.152859969190 0.192387107637 -0.00755937745831 -0.00595455954281 -0.222002920812 0.227260721121 0.0385857546885 0.0404006857188 -0.0222271518194 0.163243830369 -0.0632465192069 0.0313312643507
# log_rec_dev:
 -0.489821186448 -0.512980329537 -0.536818770990 -0.561376145458 -0.586608808202 -0.612483195691 -0.638986012190 -0.666047135224 -0.693506329616 -0.721395163922 -0.749691864221 -0.778468520833 -0.807539081016 -0.836413731616 -0.865471581845 -0.894678006116 -0.924675419155 -0.953525960078 -0.976057652407 -0.983198560248 -0.968197602984 -0.902272115857 -0.761271132703 -0.656145941699 -0.550466395983 -0.488079202827 -0.506026137993 -0.460686837100 -0.430388380390 -0.363561161839 -0.116346701764 0.767393338120 0.912008639316 1.01667043891 0.443340983527 0.787043724653 0.333269480833 0.207249572468 -0.155539982959 1.26432357050 0.818100337371 1.93777112512 1.57217270846 1.42869587156 0.137265975087 1.10334414871 0.800445105283 1.89411877878 0.215807351747 1.31105159925 2.01413167272 -0.0317059774627 1.54181932578 1.75849833112 0.893791340506 1.19297731159 1.19361251766 0.166319765486 0.269007208782 0.759152738508 0.750761622825 1.04566459122 1.44814731892 0.945332514566 0.285728747908 1.47148141338 -0.272846860483 -0.0922697392649 -0.112194150866 4.72707498034e-07
# log_q_srv1:
-0.342843555400
# log_q_srv2:
0.00000000000
# cv_cpue:
0.00000000000
# logm:
-2.65926003693
# mF50:
0.0627592636545
# mF40:
0.0932014426798
# mF35:
0.114810256925
