# Number of parameters = 119 Objective function value = 309.882067361933  Maximum gradient component = 5.13571276906143e-06
# steepness:
0.599550000000
# log_Rzero:
3.00000000000
# log_mean_rec:
0.891680981331
# sigr:
0.924789344083
# log_fish_sel_coffs:
 0.00000000000 0.00000000000 0.00000000000 0.00000000000 0.00000000000 0.00000000000 0.00000000000 0.00000000000
# a50:
10.3723526008
# delta:
2.43814343775
# a50_mat:
10.3365635659
# delta_mat:
0.659558341342
# log_srv1_sel_coffs:
 0.00000000000 0.00000000000 0.00000000000 0.00000000000 0.00000000000 0.00000000000 0.00000000000
# a50_srv1:
8.39544741241
# delta_srv1:
4.78077685485
# log_srv2_sel_coffs:
 0.00000000000 0.00000000000 0.00000000000 0.00000000000 0.00000000000 0.00000000000 0.00000000000
# a50_srv2:
7.30000000000
# delta_srv2:
3.80000000000
# log_avg_F:
-3.17770503390
# log_F_devs:
 -0.318824491373 -0.782184650758 -0.602057722047 -0.0548744982619 0.161680098285 0.187765405875 0.310820236154 -0.0810578306439 -1.53772659375 -1.94127830085 -1.95634564868 -0.0154956935258 0.164984649057 -0.0212640031898 0.0781768317724 0.910412030977 0.846977763840 0.786390479632 0.703594634545 0.385628382644 0.321854028115 0.439678423896 0.783366315641 0.555596572509 0.315164518168 0.367079094939 0.232961379493 0.0562628344457 -0.178113981969 -0.155678729176 0.109628758709 0.144588298346 -0.0584970654467 -0.0584245219889 -0.272238460520 0.179821009481 -0.00337076577293 0.0146701592423 -0.0196689939204
# log_rec_dev:
 -0.450054839835 -0.471932917718 -0.494493064990 -0.517780733178 -0.541753315872 -0.566378722068 -0.591647437458 -0.617488652576 -0.643740042108 -0.670440383517 -0.697572664129 -0.725216987299 -0.753187700044 -0.781038885374 -0.809074054314 -0.837314802761 -0.866482079616 -0.894624008832 -0.916646943843 -0.923261153708 -0.907107434814 -0.838513213050 -0.692080594169 -0.583144500549 -0.474432310303 -0.411036664506 -0.430419615443 -0.380634809142 -0.345575801879 -0.276318047388 -0.0359330518948 0.900974831660 1.02720287099 1.16374038685 0.531643459748 0.936051273633 0.439297312800 0.306197934263 -0.0784842107193 1.37245117282 0.908467737027 2.04962129636 1.68657326162 1.55941403252 0.238908219783 1.24266942224 0.919128837384 2.06837026795 0.405350497607 1.50620222969 2.20916557147 0.0390966848434 1.68676905287 1.94417124944 1.04789810074 1.30979238065 1.18599780838 0.126498126410 -0.0895443607563 0.453943745810 0.104828579906 -0.174249086059 -0.0414051029085 -0.0145341733952 -0.111428262835 0.0167702215780 0.00599090522455
# log_q_srv1:
-0.484314585599
# log_q_srv2:
0.00000000000
# cv_cpue:
0.00000000000
# logm:
-2.65926003693
# mF50:
0.0631939502625
# mF40:
0.0939798746306
# mF35:
0.115883451430
