# Number of parameters = 123 Objective function value = 317.155904886793  Maximum gradient component = 5.26851638240664e-07
# steepness:
0.599550000000
# log_Rzero:
3.00000000000
# log_mean_rec:
0.967465537768
# sigr:
0.908407381686
# log_fish_sel_coffs:
 0.00000000000 0.00000000000 0.00000000000 0.00000000000 0.00000000000 0.00000000000 0.00000000000 0.00000000000
# a50:
10.3154881107
# delta:
2.44882480406
# a50_mat:
10.3365635671
# delta_mat:
0.659558341072
# log_srv1_sel_coffs:
 0.00000000000 0.00000000000 0.00000000000 0.00000000000 0.00000000000 0.00000000000 0.00000000000
# a50_srv1:
8.59677869754
# delta_srv1:
4.77805814500
# log_srv2_sel_coffs:
 0.00000000000 0.00000000000 0.00000000000 0.00000000000 0.00000000000 0.00000000000 0.00000000000
# a50_srv2:
7.30000000000
# delta_srv2:
3.80000000000
# log_avg_F:
-3.21631899404
# log_F_devs:
 -0.331474682457 -0.795467420524 -0.614470873773 -0.0650054154685 0.152835288604 0.179029598173 0.302784931660 -0.0911035822078 -1.54964367989 -1.95099571005 -1.96209442703 -0.00847261594287 0.178413398109 -0.00722117599775 0.0970164762577 0.928895050510 0.863775347954 0.799346927536 0.712194025570 0.389882162591 0.325413610836 0.444165919485 0.787713374179 0.558932655238 0.316687483857 0.368698090087 0.236345740272 0.0616205236783 -0.171951619404 -0.148207655287 0.115488995163 0.147488997785 -0.0583823514563 -0.0614319013116 -0.279725081149 0.166359613120 -0.0251985650182 -0.0192213732812 -0.0742565337051 0.132007293963 -0.0507708410688
# log_rec_dev:
 -0.462274501407 -0.484562142579 -0.507532985408 -0.531229411169 -0.555609887602 -0.580642873222 -0.606318125435 -0.632566868840 -0.659231365547 -0.686347230802 -0.713896608344 -0.741957725036 -0.770349221949 -0.798613699264 -0.827091532341 -0.855772519634 -0.885344332839 -0.913890054540 -0.936441170439 -0.944046613027 -0.929658595161 -0.864635611410 -0.725697790435 -0.622536399640 -0.518202302398 -0.456735106300 -0.472837420268 -0.423983321939 -0.389913748468 -0.322085085919 -0.0771981380103 0.818491644252 0.960939852685 1.06285500345 0.471434309913 0.823068276800 0.364092843231 0.242563017353 -0.115903514854 1.31279676971 0.865764976973 1.99712868397 1.64229347255 1.50917709619 0.197333210276 1.18528346819 0.881727142999 1.99461084928 0.324852529503 1.43286081673 2.14029464532 0.0479850044269 1.67398785699 1.90349855575 1.03135631866 1.31549117269 1.26419223580 0.174204797446 0.0741581828631 0.744021803166 0.547509037692 0.853071035143 0.347025358683 -0.00491535567530 -0.0645054723414 0.122065346188 -0.138049857644 0.0146994601878 0.00522643361315
# log_q_srv1:
-0.486509758442
# log_q_srv2:
0.00000000000
# cv_cpue:
0.00000000000
# logm:
-2.65926003693
# mF50:
0.0628008540541
# mF40:
0.0932766687429
# mF35:
0.114914697279
