#Species name here:
Model_1_goa_dr_2022.dat
#SSL Species?
0
#Constant buffer of Dorn?
0
#Number of fisheries?
1
#Number of sexes?
1
#5year_Average_F(endyr-4,endyr_as_estimated_by_ADmodel)
0.0415365
#_Author_F_as_fraction_F_40%
1
#ABC SPR
0.4
#MSY SPR
0.35
#_Spawn_month
3
#_Number_of_ages
25
#_F_ratio(must_sum_to_one_only_one_fishery)
1
#_Natural_Mortality 4 5 6 7 8 9 10 11 12 13 14 15 16 17 18 19 20 21 22 23 24 25 26 27 28
 0.07 0.07 0.07 0.07 0.07 0.07 0.07 0.07 0.07 0.07 0.07 0.07 0.07 0.07 0.07 0.07 0.07 0.07 0.07 0.07 0.07 0.07 0.07 0.07 0.07
#_Maturity_divided_by_2(projection_program_uses_to_get_female_spawning_biomass_if_divide_by_2 4 5 6 7 8 9 10 11 12 13 14 15 16 17 18 19 20 21 22 23 24 25 26 27 28
 0.0150779 0.0287548 0.0541556 0.0996914 0.176375 0.292858 0.444731 0.607681 0.749723 0.852795 0.918058 0.955884 0.976692 0.987811 0.99366 0.996712 0.998297 0.999119 0.999544 0.999764 0.999878 0.999937 0.999967 0.999983 0.999991
#_Wt_at_age_spawners 4 5 6 7 8 9 10 11 12 13 14 15 16 17 18 19 20 21 22 23 24 25 26 27 28
 204.2 343.9 499.6 660.1 817.1 965.1 1101 1223.2 1331.4 1426.1 1508.2 1578.7 1639 1690.3 1733.7 1770.3 1801.2 1827.1 1848.9 1867.1 1882.3 1895 1905.6 1914.5 1940.2
#_Wt_at_age_fishery 4 5 6 7 8 9 10 11 12 13 14 15 16 17 18 19 20 21 22 23 24 25 26 27 28
 204.2 343.9 499.6 660.1 817.1 965.1 1101 1223.2 1331.4 1426.1 1508.2 1578.7 1639 1690.3 1733.7 1770.3 1801.2 1827.1 1848.9 1867.1 1882.3 1895 1905.6 1914.5 1940.2
#_Selectivity_fishery_scaled_to_max_at_one 4 5 6 7 8 9 10 11 12 13 14 15 16 17 18 19 20 21 22 23 24 25 26 27 28
 0.000460544 0.0015427 0.00515454 0.0170779 0.0550559 0.163446 0.395836 0.687213 0.880491 0.961099 0.988074 0.996414 0.998928 0.99968 0.999905 0.999972 0.999992 0.999997 0.999999 1 1 1 1 1 1
#_Numbers_at_age_end_year 4 5 6 7 8 9 10 11 12 13 14 15 16 17 18 19 20 21 22 23 24 25 26 27 28
 2.46648 2.06067 1.99104 1.53608 9.81519 2.53629 4.8008 7.34569 4.46122 2.95996 2.6765 1.4481 1.15014 2.91562 2.58948 1.70784 3.62366 2.59843 0.453833 3.28559 1.44542 0.418168 2.02317 0.582764 4.70334
#_N_recruitment_years
36
#_Recruitment_start_at_1977_yearclass=1979_for_age_2_recruits 1979 1980 1981 1982 1983 1984 1985 1986 1987 1988 1989 1990 1991 1992 1993 1994 1995 1996 1997 1998 1999 2000 2001 2002 2003 2004 2005 2006 2007 2008 2009 2010 2011 2012 2013 2014
 1.95957 4.89905 5.56179 7.57913 4.06863 6.33797 3.64746 3.19114 2.25627 9.84428 6.01613 19.0504 13.1148 11.3578 3.06231 8.27518 6.03961 18.3954 3.35572 10.3012 20.8938 2.5782 13.1657 16.3613 6.88168 9.33024 9.39772 3.31186 3.72357 6.15178 6.09056 8.24645 12.3038 7.378 3.61057 12.9993
#_Spawners per recruitment (starting at 1977)
 12.0405 11.4184 10.984 10.5769 10.0847 9.61391 9.27436 9.07039 9.26955 9.99723 11.0326 12.2967 13.2732 14.1148 15.0104 15.8286 15.892 16.434 17.5573 19.2322 21.4263 23.5403 25.1386 25.769 26.6685 27.9638 29.2546 30.7867 32.5792 34.5979 36.4506 37.7292 38.6252 39.4009 39.6993 39.8369 38.9535 38.2997
