# Number of parameters = 117 Objective function value = 344.303493625569  Maximum gradient component = 2.14954706728380e-05
# steepness:
0.599550000000
# log_Rzero:
3.00000000000
# log_mean_rec:
0.870682496093
# sigr:
1.00245928244
# log_fish_sel_coffs:
 0.00000000000 0.00000000000 0.00000000000 0.00000000000 0.00000000000 0.00000000000 0.00000000000 0.00000000000
# a50:
10.3242173243
# delta:
2.46820545691
# a50_mat:
10.3365635567
# delta_mat:
0.659558337389
# log_srv1_sel_coffs:
 0.00000000000 0.00000000000 0.00000000000 0.00000000000 0.00000000000 0.00000000000 0.00000000000
# a50_srv1:
8.74258845771
# delta_srv1:
4.85001647022
# log_srv2_sel_coffs:
 0.00000000000 0.00000000000 0.00000000000 0.00000000000 0.00000000000 0.00000000000 0.00000000000
# a50_srv2:
7.30000000000
# delta_srv2:
3.80000000000
# log_avg_F:
-3.16134629468
# log_F_devs:
 -0.353401380292 -0.807274129249 -0.620455692118 -0.0678042394124 0.157520158813 0.194030255945 0.326824489667 -0.0558003666428 -1.50690081341 -1.90541033415 -1.91666697681 0.0269455177475 0.206969985711 -0.0268871666538 0.0637113262892 0.948467542111 0.878125536697 0.808735371930 0.713881299834 0.386787624078 0.314937852620 0.428463781237 0.772054226993 0.542600719595 0.301135724159 0.353349501737 0.222942456899 0.0484955465816 -0.187044490810 -0.162288500222 0.105655326291 0.139987367144 -0.0631112690790 -0.0646909018394 -0.282233058005 0.165689521437 -0.0272508606060 -0.0237073958526 -0.0810052077973 0.120971771131 -0.0763502484644
# log_rec_dev:
 -0.579905934099 -0.605148471724 -0.630955878750 -0.657508247005 -0.684641852114 -0.712236632847 -0.740272686170 -0.768484373262 -0.796246075454 -0.823772392299 -0.851047912427 -0.878476161161 -0.905328113634 -0.929059288185 -0.950872846025 -0.967037821139 -0.975900048907 -0.960224990415 -0.864684693959 -0.704976211854 -0.711317603592 -0.678884930429 -0.529292874818 -0.503854213838 -0.442704069594 -0.180217132475 0.761673060901 0.868752564718 1.20692155506 0.545017749301 1.01095474987 0.430332441597 0.311614747753 -0.0489059951149 1.43973010488 0.940713459698 2.10029683216 1.72716171933 1.58588035863 0.263003254529 1.27409254365 0.950747019544 2.07026249877 0.370182417436 1.49381118939 2.19923769719 0.0779483283604 1.73261231919 1.95320309927 1.06767405085 1.34934526252 1.35713738687 0.283395882578 0.337938855980 0.773768126028 0.640846323806 1.08962266278 0.725067451091 0.208925534225 -0.0580659239212 0.471950143080 -0.178749589571 -0.00223966511077 -1.15277220658e-06
# log_q_srv1:
-0.534016408214
# log_q_srv2:
0.00000000000
# cv_cpue:
0.00000000000
# logm:
-2.65926003693
# mF50:
0.0624210803083
# mF40:
0.0926114123855
# mF35:
0.114015670007
