# Number of parameters = 124 Objective function value = 375.605206108986  Maximum gradient component = 4.68548168842401e-05
# steepness:
0.599550000000
# log_Rzero:
3.00000000000
# log_mean_rec:
0.713444983867
# sigr:
0.847134134358
# log_fish_sel_coffs:
 0.00000000000 0.00000000000 0.00000000000 0.00000000000 0.00000000000 0.00000000000 0.00000000000 0.00000000000
# a50:
10.3581576668
# delta:
2.59976721112
# a50_mat:
10.3365635695
# delta_mat:
0.659558339894
# log_srv1_sel_coffs:
 0.00000000000 0.00000000000 0.00000000000 0.00000000000 0.00000000000 0.00000000000 0.00000000000
# a50_srv1:
8.82413934929
# delta_srv1:
4.43619358236
# log_srv2_sel_coffs:
 0.00000000000 0.00000000000 0.00000000000 0.00000000000 0.00000000000 0.00000000000 0.00000000000
# a50_srv2:
7.30000000000
# delta_srv2:
3.80000000000
# log_avg_F:
-2.64910768627
# log_F_devs:
 -0.462225278929 -0.950990287666 -0.761874105591 -0.180977843086 0.0577021900957 0.0860781066648 0.214313794486 -0.168470821183 -1.70395745238 -2.12758997325 -2.15237966392 -0.210039693406 -0.0187684073359 -0.129677124695 -0.0471391595060 0.626740854562 0.576331416079 0.536815107066 0.483285967552 0.195204755177 0.156674116662 0.296666904073 0.646307030742 0.470509856215 0.252235939020 0.333006392387 0.224907788763 0.0421052917291 -0.135629740493 -0.0844130648484 0.209444264165 0.274028267495 0.119223093396 0.145058190150 -0.0411800688794 0.448042215722 0.301146114027 0.341913153682 0.307951143868 0.535639870777 0.340195468288 0.445958086814 0.299913247199 0.207913840210
# log_rec_dev:
 -0.514889578967 -0.538427220381 -0.562542223052 -0.587312598510 -0.612629630850 -0.638408681462 -0.664605171709 -0.691337618221 -0.717834334545 -0.744586114932 -0.771626972083 -0.797191729217 -0.817571266259 -0.838968148428 -0.871478739585 -0.867120617543 -0.812234960213 -0.778623978747 -0.659115805912 -0.475458405786 -0.502435790326 -0.472072221423 -0.0928700912747 -0.121073340384 -0.0197952273097 0.139074888324 1.30101389189 1.00045720923 0.773727600266 -0.00259721237278 1.41432241124 -0.167443807285 0.172912786056 -0.115284966623 1.27130683946 0.781572361535 1.92271668288 1.53773588733 1.36732026250 0.0969191588030 0.990842913692 0.673235310200 1.74188103953 0.0741555625825 1.11960952433 1.79908849864 -0.174705809498 1.30019168171 1.49323857029 0.639848807581 0.900524081400 0.842435035634 -0.0122026860967 -0.0258523796723 0.274560333859 0.370066472726 0.517060718556 1.04844273599 0.927148764198 0.580441350990 1.45659802414 -0.252297407763 -0.282128931067 -0.176223152867 -0.0948774127132 -0.158904408625 7.21643682411e-06
# log_q_srv1:
0.285508686325
# log_q_srv2:
0.00000000000
# cv_cpue:
0.00000000000
# logm:
-2.65926003693
# mF50:
0.0634941193812
# mF40:
0.0944111162697
# mF35:
0.116390302551
