#Species name here:
Model_1_goa_dr_2022.dat
#SSL Species?
0
#Constant buffer of Dorn?
0
#Number of fisheries?
1
#Number of sexes?
1
#5year_Average_F(endyr-4,endyr_as_estimated_by_ADmodel)
0.102629
#_Author_F_as_fraction_F_40%
1
#ABC SPR
0.4
#MSY SPR
0.35
#_Spawn_month
3
#_Number_of_ages
25
#_F_ratio(must_sum_to_one_only_one_fishery)
1
#_Natural_Mortality 4 5 6 7 8 9 10 11 12 13 14 15 16 17 18 19 20 21 22 23 24 25 26 27 28
 0.07 0.07 0.07 0.07 0.07 0.07 0.07 0.07 0.07 0.07 0.07 0.07 0.07 0.07 0.07 0.07 0.07 0.07 0.07 0.07 0.07 0.07 0.07 0.07 0.07
#_Maturity_divided_by_2(projection_program_uses_to_get_female_spawning_biomass_if_divide_by_2 4 5 6 7 8 9 10 11 12 13 14 15 16 17 18 19 20 21 22 23 24 25 26 27 28
 0.0150779 0.0287548 0.0541556 0.0996914 0.176375 0.292858 0.444731 0.607681 0.749723 0.852795 0.918058 0.955884 0.976692 0.987811 0.99366 0.996712 0.998297 0.999119 0.999544 0.999764 0.999878 0.999937 0.999967 0.999983 0.999991
#_Wt_at_age_spawners 4 5 6 7 8 9 10 11 12 13 14 15 16 17 18 19 20 21 22 23 24 25 26 27 28
 207.5 352 512.7 677.2 836.8 985.6 1120.7 1240.7 1345.7 1436.3 1513.8 1579.7 1635.2 1681.8 1720.8 1753.3 1780.3 1802.7 1821.3 1836.6 1849.3 1859.8 1868.4 1875.5 1895
#_Wt_at_age_fishery 4 5 6 7 8 9 10 11 12 13 14 15 16 17 18 19 20 21 22 23 24 25 26 27 28
 207.5 352 512.7 677.2 836.8 985.6 1120.7 1240.7 1345.7 1436.3 1513.8 1579.7 1635.2 1681.8 1720.8 1753.3 1780.3 1802.7 1821.3 1836.6 1849.3 1859.8 1868.4 1875.5 1895
#_Selectivity_fishery_scaled_to_max_at_one 4 5 6 7 8 9 10 11 12 13 14 15 16 17 18 19 20 21 22 23 24 25 26 27 28
 0.000745203 0.00230923 0.00713237 0.0218091 0.0647187 0.176794 0.399958 0.674133 0.86524 0.952216 0.984088 0.994817 0.998324 0.999459 0.999826 0.999944 0.999982 0.999994 0.999998 0.999999 1 1 1 1 1
#_Numbers_at_age_end_year 4 5 6 7 8 9 10 11 12 13 14 15 16 17 18 19 20 21 22 23 24 25 26 27 28
 2.04103 1.62331 1.61327 1.38571 1.15966 1.10683 5.5996 2.08784 2.56915 2.47033 1.22409 0.888314 0.679872 0.425039 0.364748 0.729272 0.661403 0.437318 0.880788 0.623257 0.122852 0.765369 0.335938 0.101734 1.64062
#_N_recruitment_years
38
#_Recruitment_start_at_1977_yearclass=1979_for_age_2_recruits 1979 1980 1981 1982 1983 1984 1985 1986 1987 1988 1989 1990 1991 1992 1993 1994 1995 1996 1997 1998 1999 2000 2001 2002 2003 2004 2005 2006 2007 2008 2009 2010 2011 2012 2013 2014 2015 2016
 2.34555 7.49667 5.55058 4.42457 2.03572 8.3961 1.72634 2.42628 1.81877 7.27724 4.45941 13.9595 9.49895 8.0106 2.24873 5.49747 4.00154 11.6502 2.19812 6.25296 12.3361 1.71384 7.49051 9.08553 3.87015 5.02271 4.73926 2.01626 1.98892 2.68587 2.95504 3.42296 5.82342 5.15823 3.64693 8.75866 1.58589 1.53928
#_Spawners per recruitment (starting at 1977)
 10.431 9.83802 9.488 9.17499 8.75453 8.36184 8.1393 8.07408 8.44464 9.37186 10.5178 11.7498 12.4688 12.9486 13.3876 13.6898 13.3132 13.3162 13.7648 14.6122 15.8735 17.0152 17.6589 17.4197 17.4001 17.7235 17.9712 18.3887 19.0279 19.8012 20.4028 20.4741 20.2575 20.0376 19.5318 19.0516 17.7173 16.6843 15.7417 15.0816
