# Number of parameters = 133 Objective function value = 431.535262423433  Maximum gradient component = 2.91132517701175e-05
# steepness:
0.599550000000
# log_Rzero:
3.00000000000
# log_mean_rec:
0.994202781726
# sigr:
1.00293892464
# log_fish_sel_coffs:
 0.00000000000 0.00000000000 0.00000000000 0.00000000000 0.00000000000 0.00000000000 0.00000000000 0.00000000000
# a50:
10.2297987227
# delta:
2.49261481956
# a50_mat:
10.3365635771
# delta_mat:
0.659558338624
# log_srv1_sel_coffs:
 0.00000000000 0.00000000000 0.00000000000 0.00000000000 0.00000000000 0.00000000000 0.00000000000
# a50_srv1:
9.20500213837
# delta_srv1:
4.71007846662
# log_srv2_sel_coffs:
 0.00000000000 0.00000000000 0.00000000000 0.00000000000 0.00000000000 0.00000000000 0.00000000000
# a50_srv2:
7.30000000000
# delta_srv2:
3.80000000000
# log_avg_F:
-3.20365348762
# log_F_devs:
 -0.308868909658 -0.774355858827 -0.590628438270 -0.0340390354555 0.190001544164 0.220091299546 0.350363060388 -0.0480393989818 -1.51589152280 -1.91695649521 -1.92553477985 0.0443514314990 0.240430776440 -0.0210077082221 0.0785248839700 1.00129650906 0.933430779250 0.864346807264 0.768509401018 0.439845272031 0.370599536200 0.488898595427 0.835880989621 0.608829419025 0.365496703009 0.418028622462 0.289285306633 0.116292533133 -0.119194078468 -0.0921709338619 0.176666327836 0.212137239623 0.00698017510898 0.000847609074381 -0.226401631141 0.210555815986 0.00355606487985 -0.0114881191526 -0.0929071576499 0.0732457344978 -0.177602227677 -0.115393874289 -0.302619078075 -0.465862657530 -0.217139181816 -0.352391224963
# log_rec_dev:
 -0.569414788622 -0.594912851954 -0.621080960009 -0.647969535068 -0.675522736756 -0.703698609503 -0.732484100115 -0.761793161949 -0.791431160114 -0.821453524207 -0.851844315427 -0.882711087328 -0.913840341332 -0.944363790415 -0.975280288211 -1.00632096923 -1.03817052439 -1.06862830288 -1.09157267266 -1.09731050153 -1.07975791285 -1.00872720545 -0.857166281443 -0.748053658470 -0.639060888527 -0.575587480515 -0.597779762580 -0.549547128509 -0.520617603286 -0.457490336926 -0.208296578405 0.675765854849 0.804597880042 0.914218838395 0.359426918961 0.687628116129 0.247952020783 0.181034430540 -0.185674486820 1.27050246321 0.824992883053 1.94846064400 1.58398418235 1.44246833580 0.138074595853 1.12008540200 0.822938926092 1.91347521504 0.217121440326 1.33378814297 2.04274399740 -0.0364794077594 1.55876439889 1.78961385769 0.969344944212 1.37907491956 1.32796100390 0.518358049771 0.703039186640 0.826851791351 1.02180277526 1.27650893304 1.67590649265 1.50748730346 1.29540364392 2.13159667986 0.0368951750835 0.978994163837 0.0772909628031 0.848425496295 -0.122513852206 -0.0614546895638 -0.131310634896 -5.29684826489e-06
# log_q_srv1:
-0.448660779143
# log_q_srv2:
0.00000000000
# cv_cpue:
0.00000000000
# logm:
-2.65926003693
# mF50:
0.0616844434322
# mF40:
0.0913417083155
# mF35:
0.112301014459
