#Species name here:
Model_1_goa_dr_2022.dat
#SSL Species?
0
#Constant buffer of Dorn?
0
#Number of fisheries?
1
#Number of sexes?
1
#5year_Average_F(endyr-4,endyr_as_estimated_by_ADmodel)
0.0413306
#_Author_F_as_fraction_F_40%
1
#ABC SPR
0.4
#MSY SPR
0.35
#_Spawn_month
3
#_Number_of_ages
25
#_F_ratio(must_sum_to_one_only_one_fishery)
1
#_Natural_Mortality 4 5 6 7 8 9 10 11 12 13 14 15 16 17 18 19 20 21 22 23 24 25 26 27 28
 0.07 0.07 0.07 0.07 0.07 0.07 0.07 0.07 0.07 0.07 0.07 0.07 0.07 0.07 0.07 0.07 0.07 0.07 0.07 0.07 0.07 0.07 0.07 0.07 0.07
#_Maturity_divided_by_2(projection_program_uses_to_get_female_spawning_biomass_if_divide_by_2 4 5 6 7 8 9 10 11 12 13 14 15 16 17 18 19 20 21 22 23 24 25 26 27 28
 0.0150779 0.0287548 0.0541556 0.0996914 0.176375 0.292858 0.444731 0.607681 0.749723 0.852795 0.918058 0.955884 0.976692 0.987811 0.99366 0.996712 0.998297 0.999119 0.999544 0.999764 0.999878 0.999937 0.999967 0.999983 0.999991
#_Wt_at_age_spawners 4 5 6 7 8 9 10 11 12 13 14 15 16 17 18 19 20 21 22 23 24 25 26 27 28
 204.2 343.9 499.6 660.1 817.1 965.1 1101 1223.2 1331.4 1426.1 1508.2 1578.7 1639 1690.3 1733.7 1770.3 1801.2 1827.1 1848.9 1867.1 1882.3 1895 1905.6 1914.5 1940.2
#_Wt_at_age_fishery 4 5 6 7 8 9 10 11 12 13 14 15 16 17 18 19 20 21 22 23 24 25 26 27 28
 204.2 343.9 499.6 660.1 817.1 965.1 1101 1223.2 1331.4 1426.1 1508.2 1578.7 1639 1690.3 1733.7 1770.3 1801.2 1827.1 1848.9 1867.1 1882.3 1895 1905.6 1914.5 1940.2
#_Selectivity_fishery_scaled_to_max_at_one 4 5 6 7 8 9 10 11 12 13 14 15 16 17 18 19 20 21 22 23 24 25 26 27 28
 0.000459638 0.001542 0.00515995 0.017121 0.0552683 0.164211 0.397535 0.689061 0.881552 0.961531 0.988228 0.996465 0.998945 0.999686 0.999906 0.999972 0.999992 0.999998 0.999999 1 1 1 1 1 1
#_Numbers_at_age_end_year 4 5 6 7 8 9 10 11 12 13 14 15 16 17 18 19 20 21 22 23 24 25 26 27 28
 2.41338 1.88352 2.31621 1.73941 1.70017 2.31691 3.64186 2.53666 2.90214 1.33907 1.3348 3.66028 3.47177 2.35765 5.08387 3.64642 0.611844 4.67214 2.06829 0.596396 2.8691 0.829953 1.00127 0.313732 5.49618
#_N_recruitment_years
34
#_Recruitment_start_at_1977_yearclass=1979_for_age_2_recruits 1979 1980 1981 1982 1983 1984 1985 1986 1987 1988 1989 1990 1991 1992 1993 1994 1995 1996 1997 1998 1999 2000 2001 2002 2003 2004 2005 2006 2007 2008 2009 2010 2011 2012
 2.0589 5.35353 5.95063 8.3103 4.18563 6.68272 3.74165 3.32828 2.32743 10.3416 6.28848 20.1375 13.9559 12.1609 3.2099 8.92598 6.48578 19.7704 3.64419 11.272 22.8114 2.67937 14.3026 17.8478 7.41819 9.80801 9.2882 3.03928 2.73702 5.34422 4.24207 5.59383 3.29769 2.2516
#_Spawners per recruitment (starting at 1977)
 12.0785 11.4918 11.085 10.7078 10.2554 9.83198 9.54369 9.40325 9.66981 10.4758 11.6091 12.9835 14.077 15.0252 15.993 16.8694 16.9966 17.6199 18.856 20.6802 23.0526 25.3568 27.1436 27.9538 29.0379 30.5294 32.0334 33.7974 35.8346 38.0984 40.1783 41.6495 42.6786 43.4965 43.7087 43.6101
