# Number of parameters = 124 Objective function value = 468.810205521061  Maximum gradient component = 2.30512560303613e-05
# steepness:
0.599550000000
# log_Rzero:
3.00000000000
# log_mean_rec:
0.798917016489
# sigr:
1.09550004324
# log_fish_sel_coffs:
 0.00000000000 0.00000000000 0.00000000000 0.00000000000 0.00000000000 0.00000000000 0.00000000000 0.00000000000
# a50:
10.2273949534
# delta:
2.45534624767
# a50_mat:
10.3365635342
# delta_mat:
0.659558342009
# log_srv1_sel_coffs:
 0.00000000000 0.00000000000 0.00000000000 0.00000000000 0.00000000000 0.00000000000 0.00000000000
# a50_srv1:
8.81143764439
# delta_srv1:
4.24639720255
# log_srv2_sel_coffs:
 0.00000000000 0.00000000000 0.00000000000 0.00000000000 0.00000000000 0.00000000000 0.00000000000
# a50_srv2:
7.30000000000
# delta_srv2:
3.80000000000
# log_avg_F:
-3.07713684959
# log_F_devs:
 -0.299978967786 -0.762361189814 -0.574684852394 -0.0132859887623 0.215605527250 0.245919788685 0.372642797049 0.0689011899892 -1.49425213113 -1.91159744825 -1.92232705399 0.155074548722 0.403318405099 -0.120018304778 -0.0748579592822 0.945085644392 0.890678357781 0.808834478503 0.703269437321 0.376202868746 0.300508397462 0.413879434946 0.726545919623 0.521185791959 0.291561214715 0.344114974625 0.218532522409 0.0113785947570 -0.183295339075 -0.146224477399 0.137557425106 0.175989825698 -0.0212397933808 -0.0200432049252 -0.242448847201 0.210583070791 0.0222537232890 0.0194137008000 -0.0501065911753 0.127349515068 -0.131809518772 -0.0735196536561 -0.265716068652 -0.398619703972
# log_rec_dev:
 -0.698370088831 -0.726860090543 -0.755916819860 -0.785668771090 -0.815979350080 -0.846749436702 -0.877950389641 -0.910698469839 -0.942488049965 -0.974683990268 -1.00763186748 -1.03846074183 -1.06123640738 -1.08218795245 -1.12413535509 -1.11628730529 -1.03990225969 -1.00472055768 -0.855009005083 -0.606183030966 -0.669476849509 -0.659916703201 -0.188678922771 -0.272349905506 -0.183197036762 -0.0388072847549 1.09017598013 0.770126653578 0.565113062894 -0.276166874654 1.38237276771 -0.175213688242 0.436396020638 -0.0422110063107 1.51832405258 0.990672261082 2.14179636096 1.75373509750 1.60867850987 0.273139780505 1.27096025425 0.941379813685 2.05415582584 0.326711749576 1.45643664904 2.15192350508 0.0460208363868 1.68662674267 1.88866273648 1.05919986264 1.36032241744 1.35549907073 0.499791884601 0.536380305119 0.898130478438 1.02352507280 1.20486394758 1.78976047223 1.71411556264 1.34517487292 2.39393187917 0.126132166060 0.189733560275 0.215118969004 0.153762033047 -0.0625101249350 -6.53018833852e-06
# log_q_srv1:
-0.356370239360
# log_q_srv2:
0.00000000000
# cv_cpue:
0.00000000000
# logm:
-2.65926003693
# mF50:
0.0626476779554
# mF40:
0.0929257003911
# mF35:
0.114372131286
