# Number of parameters = 137 Objective function value = 380.459948192973  Maximum gradient component = 9.29520351686044e-05
# steepness:
0.599550000000
# log_Rzero:
3.00000000000
# log_mean_rec:
1.04309674195
# sigr:
0.898653587862
# log_fish_sel_coffs:
 0.00000000000 0.00000000000 0.00000000000 0.00000000000 0.00000000000 0.00000000000 0.00000000000 0.00000000000
# a50:
10.0624049848
# delta:
2.46575893271
# a50_mat:
10.3365635834
# delta_mat:
0.659558326359
# log_srv1_sel_coffs:
 0.00000000000 0.00000000000 0.00000000000 0.00000000000 0.00000000000 0.00000000000 0.00000000000
# a50_srv1:
9.21933869087
# delta_srv1:
4.68704225640
# log_srv2_sel_coffs:
 0.00000000000 0.00000000000 0.00000000000 0.00000000000 0.00000000000 0.00000000000 0.00000000000
# a50_srv2:
7.30000000000
# delta_srv2:
3.80000000000
# log_avg_F:
-3.15879763805
# log_F_devs:
 -0.368340291776 -0.838667028353 -0.654861330693 -0.0948223715578 0.130353669848 0.159144533567 0.288975344278 -0.114043959551 -1.58506565819 -1.98470410774 -1.98890295065 -0.0122467767640 0.190703107137 -0.0206522143304 0.0924324530478 0.959378950064 0.896980598193 0.828451277116 0.733939724746 0.404807088346 0.344177693570 0.474730686093 0.829313593688 0.610366823519 0.368701904228 0.425144535656 0.301730870488 0.134701296332 -0.0928523974794 -0.0609353371561 0.208456505578 0.246119905481 0.0437100929210 0.0414207024928 -0.181913626099 0.259360847300 0.0588101310490 0.0504468044313 -0.0238600045310 0.150850818004 -0.0886827516040 -0.0156847519362 -0.187369754089 -0.342840017951 -0.0881142103533 -0.215774207987 0.0814625815110 -0.354338509964
# log_rec_dev:
 -0.503590013032 -0.527186387254 -0.551471554373 -0.576470703711 -0.602144577699 -0.628459280820 -0.655404990450 -0.682916086106 -0.710831013072 -0.739185073893 -0.767958239002 -0.797214560233 -0.826783676992 -0.856111161826 -0.885759688009 -0.915671252193 -0.946403307155 -0.976003595842 -0.999532812497 -1.00848446970 -0.996574121974 -0.936717099098 -0.808225783969 -0.713396297591 -0.614291553739 -0.554242451483 -0.568042046935 -0.525789789052 -0.501338253133 -0.443471789948 -0.199117322798 0.609620861472 0.757772509653 0.811007965202 0.291505028299 0.537015513836 0.151929801138 0.0862640624897 -0.223129032453 1.15168917231 0.721737784517 1.83865848425 1.48090966051 1.33393938169 0.0627916445274 0.996219608754 0.704923082149 1.77553624240 0.106203697132 1.17552589671 1.90016555100 -0.0517011634169 1.44174568024 1.64929952521 0.888071337309 1.23162699145 1.18111108293 0.424518014529 0.513790776485 0.602170818520 0.800689573338 0.939864888994 1.43936344051 1.24073615347 1.03119134296 1.82117028333 0.533446429023 0.955149407495 0.834535714611 0.797706677962 -0.259490770536 -0.165711181859 -0.319799189160 -0.170327553539 -0.115006071956 -8.23911994097e-06
# log_q_srv1:
-0.278855611617
# log_q_srv2:
0.00000000000
# cv_cpue:
0.00000000000
# logm:
-2.65926003693
# mF50:
0.0611166924491
# mF40:
0.0902905765125
# mF35:
0.110825783949
