#Species name here:
Model_1_goa_dusk_2024.dat
#SSL Species?
0
#Constant buffer of Dorn?
0
#Number of fisheries?
1
#Number of sexes?
1
#5year_Average_F(endyr-4,endyr_as_estimated_by_ADmodel)
0.035832
#_Author_F_as_fraction_F_40%
1
#ABC SPR
0.4
#MSY SPR
0.35
#_Spawn_month
3
#_Number_of_ages
30
#_F_ratio(must_sum_to_one_only_one_fishery)
1
#_Natural_Mortality 4 5 6 7 8 9 10 11 12 13 14 15 16 17 18 19 20 21 22 23 24 25 26 27 28 29 30 31 32 33
 0.07 0.07 0.07 0.07 0.07 0.07 0.07 0.07 0.07 0.07 0.07 0.07 0.07 0.07 0.07 0.07 0.07 0.07 0.07 0.07 0.07 0.07 0.07 0.07 0.07 0.07 0.07 0.07 0.07 0.07
#_Maturity_divided_by_2(projection_program_uses_to_get_female_spawning_biomass_if_divide_by_2 4 5 6 7 8 9 10 11 12 13 14 15 16 17 18 19 20 21 22 23 24 25 26 27 28 29 30 31 32 33
 0.0150779 0.0287548 0.0541556 0.0996914 0.176375 0.292858 0.444731 0.607681 0.749723 0.852795 0.918058 0.955884 0.976692 0.987811 0.99366 0.996712 0.998297 0.999119 0.999544 0.999764 0.999878 0.999937 0.999967 0.999983 0.999991 0.999995 0.999998 0.999999 0.999999 1
#_Wt_at_age_spawners 4 5 6 7 8 9 10 11 12 13 14 15 16 17 18 19 20 21 22 23 24 25 26 27 28 29 30 31 32 33
 207.5 350.6 509.4 672 830.1 978.1 1113 1233.4 1339.3 1431.2 1510.4 1577.9 1635.3 1683.8 1724.5 1758.8 1787.4 1811.3 1831.2 1847.7 1861.5 1873 1882.4 1890.3 1896.8 1902.2 1906.7 1910.4 1913.5 1922.1
#_Wt_at_age_fishery 4 5 6 7 8 9 10 11 12 13 14 15 16 17 18 19 20 21 22 23 24 25 26 27 28 29 30 31 32 33
 207.5 350.6 509.4 672 830.1 978.1 1113 1233.4 1339.3 1431.2 1510.4 1577.9 1635.3 1683.8 1724.5 1758.8 1787.4 1811.3 1831.2 1847.7 1861.5 1873 1882.4 1890.3 1896.8 1902.2 1906.7 1910.4 1913.5 1922.1
#_Selectivity_fishery_scaled_to_max_at_one 4 5 6 7 8 9 10 11 12 13 14 15 16 17 18 19 20 21 22 23 24 25 26 27 28 29 30 31 32 33
 0.000717295 0.00236367 0.00775953 0.0251626 0.0785089 0.219488 0.481379 0.753917 0.910009 0.970911 0.991005 0.997257 0.999168 0.999748 0.999924 0.999977 0.999993 0.999998 0.999999 1 1 1 1 1 1 1 1 1 1 1
#_Numbers_at_age_end_year 4 5 6 7 8 9 10 11 12 13 14 15 16 17 18 19 20 21 22 23 24 25 26 27 28 29 30 31 32 33
 2.83797 2.35857 2.08056 1.67001 1.81457 1.5353 4.08236 3.87182 3.95422 2.33776 7.62958 3.11545 3.44915 3.76764 2.04297 1.5862 1.1599 0.946083 0.770457 1.46318 1.37284 0.867603 1.65157 1.19226 0.238279 1.4951 0.644098 0.195542 0.912495 2.46806
#_N_recruitment_years
40
#_Recruitment_start_at_1977_yearclass=1981_for_age_4_recruits 1981 1982 1983 1984 1985 1986 1987 1988 1989 1990 1991 1992 1993 1994 1995 1996 1997 1998 1999 2000 2001 2002 2003 2004 2005 2006 2007 2008 2009 2010 2011 2012 2013 2014 2015 2016 2017 2018 2019 2020
 6.05491 6.38598 3.79848 4.8555 3.30365 3.09368 2.27043 8.97808 5.84061 17.8456 12.4785 10.7729 3.02191 7.68535 5.74322 16.7539 3.15598 9.19466 18.9777 2.69499 11.9992 14.767 6.89756 9.72523 9.24616 4.33887 4.74403 5.1824 6.32042 7.26423 11.9707 9.81423 7.95888 17.5362 4.8382 7.37611 6.53801 6.3016 2.18935 2.4046
#_Spawners per recruitment (starting at 1977)
 12.7969 12.2501 11.9085 11.5984 11.1917 10.7898 10.5066 10.3375 10.5651 11.3053 12.3018 13.455 14.2165 14.7849 15.393 15.9341 15.7678 16.1051 17.027 18.4886 20.4597 22.3477 23.728 24.164 24.8594 25.9317 26.9765 28.2407 29.7561 31.5013 33.1161 34.218 35.0165 35.7851 36.1729 36.4655 35.7992 35.3586 35.0021 34.9854 35.0362 35.6917 36.4075 37.3243
