#Species name here:
Model_1_goa_dr_2022.dat
#SSL Species?
0
#Constant buffer of Dorn?
0
#Number of fisheries?
1
#Number of sexes?
1
#5year_Average_F(endyr-4,endyr_as_estimated_by_ADmodel)
0.0303705
#_Author_F_as_fraction_F_40%
1
#ABC SPR
0.4
#MSY SPR
0.35
#_Spawn_month
3
#_Number_of_ages
30
#_F_ratio(must_sum_to_one_only_one_fishery)
1
#_Natural_Mortality 4 5 6 7 8 9 10 11 12 13 14 15 16 17 18 19 20 21 22 23 24 25 26 27 28 29 30 31 32 33
 0.07 0.07 0.07 0.07 0.07 0.07 0.07 0.07 0.07 0.07 0.07 0.07 0.07 0.07 0.07 0.07 0.07 0.07 0.07 0.07 0.07 0.07 0.07 0.07 0.07 0.07 0.07 0.07 0.07 0.07
#_Maturity_divided_by_2(projection_program_uses_to_get_female_spawning_biomass_if_divide_by_2 4 5 6 7 8 9 10 11 12 13 14 15 16 17 18 19 20 21 22 23 24 25 26 27 28 29 30 31 32 33
 0.0150779 0.0287548 0.0541556 0.0996914 0.176375 0.292858 0.444731 0.607681 0.749723 0.852795 0.918058 0.955884 0.976692 0.987811 0.99366 0.996712 0.998297 0.999119 0.999544 0.999764 0.999878 0.999937 0.999967 0.999983 0.999991 0.999995 0.999998 0.999999 0.999999 1
#_Wt_at_age_spawners 4 5 6 7 8 9 10 11 12 13 14 15 16 17 18 19 20 21 22 23 24 25 26 27 28 29 30 31 32 33
 204.2 343.9 499.6 660.1 817.1 965.1 1101 1223.2 1331.4 1426.1 1508.2 1578.7 1639 1690.3 1733.7 1770.3 1801.2 1827.1 1848.9 1867.1 1882.3 1895 1905.6 1914.5 1921.9 1928 1933.2 1937.4 1941 1951.2
#_Wt_at_age_fishery 4 5 6 7 8 9 10 11 12 13 14 15 16 17 18 19 20 21 22 23 24 25 26 27 28 29 30 31 32 33
 204.2 343.9 499.6 660.1 817.1 965.1 1101 1223.2 1331.4 1426.1 1508.2 1578.7 1639 1690.3 1733.7 1770.3 1801.2 1827.1 1848.9 1867.1 1882.3 1895 1905.6 1914.5 1921.9 1928 1933.2 1937.4 1941 1951.2
#_Selectivity_fishery_scaled_to_max_at_one 4 5 6 7 8 9 10 11 12 13 14 15 16 17 18 19 20 21 22 23 24 25 26 27 28 29 30 31 32 33
 0.000636545 0.00207132 0.00671836 0.0215658 0.0670119 0.189664 0.432693 0.713093 0.890101 0.963494 0.988507 0.996445 0.998906 0.999664 0.999897 0.999968 0.99999 0.999997 0.999999 1 1 1 1 1 1 1 1 1 1 1
#_Numbers_at_age_end_year 4 5 6 7 8 9 10 11 12 13 14 15 16 17 18 19 20 21 22 23 24 25 26 27 28 29 30 31 32 33
 2.70155 2.20872 2.20783 1.93599 4.75765 2.04876 4.67306 1.67784 12.4255 4.88838 5.46216 5.82445 3.51066 2.44114 1.80025 1.424 1.05887 2.12849 2.00578 1.19117 2.41515 1.70957 0.309628 2.21294 0.971902 0.282582 1.36028 0.401129 0.470849 2.72645
#_N_recruitment_years
40
#_Recruitment_start_at_1977_yearclass=1979_for_age_2_recruits 1979 1980 1981 1982 1983 1984 1985 1986 1987 1988 1989 1990 1991 1992 1993 1994 1995 1996 1997 1998 1999 2000 2001 2002 2003 2004 2005 2006 2007 2008 2009 2010 2011 2012 2013 2014 2015 2016 2017 2018
 2.19352 5.30816 6.03894 6.73795 3.86984 5.37268 3.46227 3.23797 2.24416 9.62462 6.16454 18.9585 13.1674 11.4293 3.10133 8.27877 6.15044 18.3018 3.35581 10.2494 20.8246 2.60413 12.8334 16.1654 7.11749 10.7211 10.1861 4.53307 5.45184 6.16991 7.4973 9.67091 14.4169 12.1801 9.85196 22.7237 2.8001 7.17588 2.91619 6.30106
#_Spawners per recruitment (starting at 1977)
 11.7508 11.2368 10.9177 10.6326 10.2635 9.90544 9.66527 9.54522 9.81407 10.5906 11.6411 12.8718 13.7563 14.4683 15.2424 15.9589 15.9391 16.4305 17.5246 19.1837 21.3682 23.4784 25.079 25.7193 26.6255 27.9225 29.2082 30.7271 32.5032 34.5072 36.3634 37.6814 38.6794 39.6371 40.2019 40.6709 40.1851 39.9754 39.9197 40.2955 40.8148 41.9882
