#Species name here:
Model_1_goa_dr_2022.dat
#SSL Species?
0
#Constant buffer of Dorn?
0
#Number of fisheries?
1
#Number of sexes?
1
#5year_Average_F(endyr-4,endyr_as_estimated_by_ADmodel)
0.040381
#_Author_F_as_fraction_F_40%
1
#ABC SPR
0.4
#MSY SPR
0.35
#_Spawn_month
3
#_Number_of_ages
25
#_F_ratio(must_sum_to_one_only_one_fishery)
1
#_Natural_Mortality 4 5 6 7 8 9 10 11 12 13 14 15 16 17 18 19 20 21 22 23 24 25 26 27 28
 0.07 0.07 0.07 0.07 0.07 0.07 0.07 0.07 0.07 0.07 0.07 0.07 0.07 0.07 0.07 0.07 0.07 0.07 0.07 0.07 0.07 0.07 0.07 0.07 0.07
#_Maturity_divided_by_2(projection_program_uses_to_get_female_spawning_biomass_if_divide_by_2 4 5 6 7 8 9 10 11 12 13 14 15 16 17 18 19 20 21 22 23 24 25 26 27 28
 0.0150779 0.0287548 0.0541556 0.0996914 0.176375 0.292858 0.444731 0.607681 0.749723 0.852795 0.918058 0.955884 0.976692 0.987811 0.99366 0.996712 0.998297 0.999119 0.999544 0.999764 0.999878 0.999937 0.999967 0.999983 0.999991
#_Wt_at_age_spawners 4 5 6 7 8 9 10 11 12 13 14 15 16 17 18 19 20 21 22 23 24 25 26 27 28
 204.2 343.9 499.6 660.1 817.1 965.1 1101 1223.2 1331.4 1426.1 1508.2 1578.7 1639 1690.3 1733.7 1770.3 1801.2 1827.1 1848.9 1867.1 1882.3 1895 1905.6 1914.5 1940.2
#_Wt_at_age_fishery 4 5 6 7 8 9 10 11 12 13 14 15 16 17 18 19 20 21 22 23 24 25 26 27 28
 204.2 343.9 499.6 660.1 817.1 965.1 1101 1223.2 1331.4 1426.1 1508.2 1578.7 1639 1690.3 1733.7 1770.3 1801.2 1827.1 1848.9 1867.1 1882.3 1895 1905.6 1914.5 1940.2
#_Selectivity_fishery_scaled_to_max_at_one 4 5 6 7 8 9 10 11 12 13 14 15 16 17 18 19 20 21 22 23 24 25 26 27 28
 0.000408247 0.00138133 0.00466298 0.015619 0.0509981 0.15398 0.381351 0.676138 0.876098 0.959917 0.987821 0.996373 0.998926 0.999683 0.999906 0.999972 0.999992 0.999998 0.999999 1 1 1 1 1 1
#_Numbers_at_age_end_year 4 5 6 7 8 9 10 11 12 13 14 15 16 17 18 19 20 21 22 23 24 25 26 27 28
 2.2644 1.82788 1.8586 1.67426 1.33128 1.68409 2.2917 1.23474 1.41596 3.81684 3.91666 2.72442 6.03555 4.21297 0.69225 5.70733 2.53778 0.738529 3.5173 0.977522 1.1925 0.369182 1.22234 1.22291 4.08008
#_N_recruitment_years
32
#_Recruitment_start_at_1977_yearclass=1979_for_age_2_recruits 1979 1980 1981 1982 1983 1984 1985 1986 1987 1988 1989 1990 1991 1992 1993 1994 1995 1996 1997 1998 1999 2000 2001 2002 2003 2004 2005 2006 2007 2008 2009 2010
 2.0083 5.41373 5.91503 8.58392 4.13612 6.9588 3.72495 3.28794 2.25764 10.2066 6.15461 19.7154 13.602 11.8306 3.10048 8.71098 6.2501 19.8027 3.68271 11.276 22.6976 2.46656 13.4283 17.1966 6.94906 8.96097 7.84189 2.6169 2.0679 3.5214 2.3972 1.7631
#_Spawners per recruitment (starting at 1977)
 11.4809 10.9222 10.5402 10.1866 9.75798 9.35802 9.09216 8.97564 9.26647 10.0992 11.2664 12.6817 13.8241 14.819 15.8211 16.7159 16.8425 17.4406 18.6289 20.3867 22.6808 24.904 26.6157 27.3618 28.3985 29.8582 31.3422 33.0863 35.0863 37.2806 39.2474 40.5575 41.3843 41.9612
