# Number of parameters = 123 Objective function value = 383.623000304574  Maximum gradient component = 6.21326453328226e-05
# steepness:
0.599550000000
# log_Rzero:
3.00000000000
# log_mean_rec:
0.931414766974
# sigr:
1.00245928244
# log_fish_sel_coffs:
 0.00000000000 0.00000000000 0.00000000000 0.00000000000 0.00000000000 0.00000000000 0.00000000000 0.00000000000
# a50:
10.3210263698
# delta:
2.47093594595
# a50_mat:
10.3365636271
# delta_mat:
0.659558333640
# log_srv1_sel_coffs:
 0.00000000000 0.00000000000 0.00000000000 0.00000000000 0.00000000000 0.00000000000 0.00000000000
# a50_srv1:
9.18262675925
# delta_srv1:
4.60855179420
# log_srv2_sel_coffs:
 0.00000000000 0.00000000000 0.00000000000 0.00000000000 0.00000000000 0.00000000000 0.00000000000
# a50_srv2:
7.30000000000
# delta_srv2:
3.80000000000
# log_avg_F:
-3.12115859279
# log_F_devs:
 -0.373427855831 -0.831973665178 -0.642047337388 -0.0792800598861 0.153513719507 0.193499268930 0.333637922297 -0.0560708811495 -1.51807903877 -1.91302591346 -1.91808963013 0.0468640961531 0.237883421778 -0.0307896782517 0.0614472955770 0.983993933836 0.918166875923 0.852357196658 0.758530424366 0.430422555657 0.357043395445 0.470908991278 0.816457637161 0.591672931665 0.351006239231 0.406223196972 0.278417429698 0.106521875502 -0.127832339135 -0.102238973698 0.166052111793 0.201020817029 -0.00499323637207 -0.00998932520032 -0.234131268700 0.206983405210 0.00652226275992 -0.00304813292398 -0.0790422070676 0.0894253587358 -0.164908371022 -0.114298315124 -0.317191231653 -0.498115453776
# log_rec_dev:
 -0.636109980977 -0.662876263187 -0.690194252843 -0.718225493887 -0.746812118918 -0.775838445973 -0.805277919447 -0.834881633180 -0.864047258676 -0.892966525234 -0.921616509925 -0.950390230651 -0.978576898244 -1.00331242116 -1.02654818835 -1.04449885930 -1.05551727458 -1.04286531493 -0.952644446372 -0.800581006137 -0.807182551514 -0.776477055412 -0.632174244112 -0.608181288462 -0.551162625545 -0.284148766534 0.594788732001 0.727336632692 1.00161130304 0.425929774840 0.822319777078 0.315113076919 0.199929824270 -0.125864402760 1.32650906431 0.836194757370 1.98384449600 1.60982733023 1.46126518841 0.163138443032 1.13542589924 0.823305232016 1.93202979581 0.234122341750 1.35106890249 2.05254519583 -0.0110301424028 1.60328184519 1.82260028522 0.997411834736 1.30811565290 1.30344883822 0.464217667932 0.504845456456 0.876954381995 1.00956327655 1.20414189341 1.79353362169 1.72108379356 1.32456296877 2.37479086038 0.110091333353 0.160171542672 0.165983171498 0.114714641165 -0.0649573814296 -6.31283312558e-06
# log_q_srv1:
-0.397998855707
# log_q_srv2:
0.00000000000
# cv_cpue:
0.00000000000
# logm:
-2.65926003693
# mF50:
0.0623987426177
# mF40:
0.0925713120618
# mF35:
0.113960261275
