#Species name here:
Model_1_goa_dr_2022.dat
#SSL Species?
0
#Constant buffer of Dorn?
0
#Number of fisheries?
1
#Number of sexes?
1
#5year_Average_F(endyr-4,endyr_as_estimated_by_ADmodel)
0.0367789
#_Author_F_as_fraction_F_40%
1
#ABC SPR
0.4
#MSY SPR
0.35
#_Spawn_month
3
#_Number_of_ages
25
#_F_ratio(must_sum_to_one_only_one_fishery)
1
#_Natural_Mortality 4 5 6 7 8 9 10 11 12 13 14 15 16 17 18 19 20 21 22 23 24 25 26 27 28
 0.07 0.07 0.07 0.07 0.07 0.07 0.07 0.07 0.07 0.07 0.07 0.07 0.07 0.07 0.07 0.07 0.07 0.07 0.07 0.07 0.07 0.07 0.07 0.07 0.07
#_Maturity_divided_by_2(projection_program_uses_to_get_female_spawning_biomass_if_divide_by_2 4 5 6 7 8 9 10 11 12 13 14 15 16 17 18 19 20 21 22 23 24 25 26 27 28
 0.0150779 0.0287548 0.0541556 0.0996914 0.176375 0.292858 0.444731 0.607681 0.749723 0.852795 0.918058 0.955884 0.976692 0.987811 0.99366 0.996712 0.998297 0.999119 0.999544 0.999764 0.999878 0.999937 0.999967 0.999983 0.999991
#_Wt_at_age_spawners 4 5 6 7 8 9 10 11 12 13 14 15 16 17 18 19 20 21 22 23 24 25 26 27 28
 204.2 343.9 499.6 660.1 817.1 965.1 1101 1223.2 1331.4 1426.1 1508.2 1578.7 1639 1690.3 1733.7 1770.3 1801.2 1827.1 1848.9 1867.1 1882.3 1895 1905.6 1914.5 1940.2
#_Wt_at_age_fishery 4 5 6 7 8 9 10 11 12 13 14 15 16 17 18 19 20 21 22 23 24 25 26 27 28
 204.2 343.9 499.6 660.1 817.1 965.1 1101 1223.2 1331.4 1426.1 1508.2 1578.7 1639 1690.3 1733.7 1770.3 1801.2 1827.1 1848.9 1867.1 1882.3 1895 1905.6 1914.5 1940.2
#_Selectivity_fishery_scaled_to_max_at_one 4 5 6 7 8 9 10 11 12 13 14 15 16 17 18 19 20 21 22 23 24 25 26 27 28
 0.000535209 0.00175998 0.00577135 0.0187537 0.0592004 0.171622 0.405513 0.691914 0.880872 0.960545 0.987678 0.996225 0.99885 0.999651 0.999894 0.999968 0.99999 0.999997 0.999999 1 1 1 1 1 1
#_Numbers_at_age_end_year 4 5 6 7 8 9 10 11 12 13 14 15 16 17 18 19 20 21 22 23 24 25 26 27 28
 2.53808 2.21763 2.47453 2.42813 2.2494 1.99082 17.7661 5.71301 7.72084 7.48113 3.72023 2.73773 2.14091 1.31629 1.12627 2.32387 2.08376 1.36221 2.76709 1.97481 0.349617 2.4527 1.08213 0.313557 5.40659
#_N_recruitment_years
38
#_Recruitment_start_at_1977_yearclass=1979_for_age_2_recruits 1979 1980 1981 1982 1983 1984 1985 1986 1987 1988 1989 1990 1991 1992 1993 1994 1995 1996 1997 1998 1999 2000 2001 2002 2003 2004 2005 2006 2007 2008 2009 2010 2011 2012 2013 2014 2015 2016
 1.91031 4.60068 5.25275 6.91039 3.88586 5.77613 3.47824 3.09982 2.23793 9.56321 5.85684 18.4536 12.6954 10.9428 2.98785 7.89983 5.78183 17.5218 3.20765 9.80099 19.7659 2.51026 12.6126 15.7056 6.88143 9.38892 9.34521 4.03753 4.20494 6.10049 6.96556 8.46176 15.2556 14.1894 9.54462 27.2814 2.83348 2.979
#_Spawners per recruitment (starting at 1977)
 12.2213 11.5751 11.1204 10.6919 10.1733 9.67137 9.2968 9.04743 9.19261 9.85056 10.7937 11.9462 12.7998 13.5232 14.3291 15.0797 15.0818 15.5694 16.6317 18.2308 20.3341 22.3511 23.8527 24.3906 25.1907 26.3784 27.5517 28.958 30.6224 32.5209 34.2759 35.4919 36.3717 37.1867 37.5874 37.8951 37.2574 36.9484 36.8505 37.2685
